0 16557124.602 1804726.6279 370545.896 # 1974 1
2039891.4669 11580247.572 694865.86453 27882.524563 # 1974 2
3175848.8141 11011217.686 1091753.4602 25754.99236 # 1974 3
1394208.2233 2493719.8869 289355.9979 10300.546456 # 1974 4
258977.43225 25580639.241 7874444.5033 171603.45969 # 1975 1
1367252.8322 15066019.446 3652856.407 180546.08871 # 1975 2
5464184.9911 4828825.8065 1923922.9164 51935.487765 # 1975 3
2875157.9162 1170731.6776 373132.5719 12459.519705 # 1975 4
2376095.194 37662738.007 2066464.4811 133537.77285 # 1976 1
8098309.8673 18478138.701 1259221.509 68461.069536 # 1976 2
7937962.9257 6751324.1002 208981.08385 6420.7992618 # 1976 3
4091461.5808 1187348.0492 34629.699497 1508.8571605 # 1976 4
2924470.1177 11252482.742 4206721.1564 70929.450768 # 1977 1
2892246.9245 4911455.6819 3321205.7865 46607.780765 # 1977 2
15813157.805 1979010.7899 1974566.7304 27789.711416 # 1977 3
10037188.441 140172.72838 3344.3210455 130.50463402 # 1977 4
523777.33333 28374629.003 303180.05626 61843.849531 # 1978 1
5663936.2431 10302378.244 1006015.2815 91712.208307 # 1978 2
6308362.0865 4864307.5036 948151.04968 22334.175825 # 1978 3
10737687.848 1040689.1258 10713.608475 1254.9389146 # 1978 4
3634462.815 32190193.581 398280.20536 65150.501617 # 1979 1
1152175.0829 11464465.512 1808182.5811 44068.693366 # 1979 2
3953588.0077 6192948.7006 254361.747 20758.427354 # 1979 3
7542609.178 76165.058871 16040.649148 872.9110624 # 1979 4
0 12671698.291 15106142.884 1008826.3557 # 1980 1
0 9448241.0629 11263405.758 752198.66986 # 1980 2
2612214.2716 3668992.9303 313466.47958 6380.77901 # 1980 3
2101309.7229 768571.36196 25779.352997 11929.619229 # 1980 4
494187.87866 10668355.324 1084996.0731 89719.901995 # 1981 1
555330.16316 3693713.3758 2644826.3351 150774.69903 # 1981 2
419329.30278 3763076.3579 243929.25065 5362.6194075 # 1981 3
185217.49342 285158.4633 64751.862355 2441.720952 # 1981 4
533838.8373 5704736.2124 462209.96203 39045.169162 # 1982 1
899798.26948 4923936.2314 908841.38169 40430.715553 # 1982 2
2464874.0347 349951.55466 36643.071127 2850.5826702 # 1982 3
463234.98098 160754.83334 23619.676044 991.7246742 # 1982 4
5207909.6902 2448019.6521 858190.39045 101530.23304 # 1983 1
2313687.5679 1315381.601 500360.91588 71153.771016 # 1983 2
1659745.0681 520424.42442 5210.2464091 0 # 1983 3
639335.67591 66284.326251 1804.0724005 0 # 1983 4
127023.92318 6643744.7807 310175.74541 1719.5543195 # 1984 1
541419.17448 2419580.6439 177891.45021 3326.4903483 # 1984 2
1436410.5696 783066.86969 316.0829028 0 # 1984 3
623710.75235 45998.288395 1844.0490938 0 # 1984 4
164278.91153 1494892.1213 658014.83765 15604.284364 # 1985 1
77526.22178 705466.9224 310529.23205 7363.9470768 # 1985 2
63692.394463 196220.24442 5659.6373259 0 # 1985 3
8409.5522061 25907.714779 747.26371902 0 # 1985 4
122466.17598 215471.74582 324019.97547 3237.6824918 # 1986 1
115353.12661 202956.77053 305200.32943 3049.6322385 # 1986 2
530914.30924 42309.647228 354.85903486 0 # 1986 3
223510.73029 17812.027263 149.39285051 0 # 1986 4
3332.4997814 1810520.5689 77252.458356 646.11407786 # 1987 1
60558.481808 1627098.3984 202374.58428 825.67351071 # 1987 2
233960.63792 788708.90222 37571.425331 21735.910016 # 1987 3
106084.72707 357624.12589 17036.004164 9855.7094992 # 1987 4
3941848.1905 1766831.1132 2372418.3165 29226.292394 # 1988 1
1192767.751 286513.33466 488508.75493 8847.9086918 # 1988 2
1829278.5466 636926.29035 57066.669554 5295.1696742 # 1988 3
80939.795917 30573.858441 4579.856596 206.620805 # 1988 4
14234.062865 1811157.4421 3282146.4187 3639.5672535 # 1989 1
926.27630548 80910.592344 80464.366641 211.1383723 # 1989 2
479954.7555 389828.65903 16075.568087 8855.1778687 # 1989 3
50434.310481 41549.675574 2049.7719908 1060.5384434 # 1989 4
1839.4343546 2632227.6529 2062198.3388 217686.2005 # 1990 1
1460.7363017 2090311.338 1637638.205 172869.52081 # 1990 2
282754.10863 54868.647598 1978.7740442 453.28051052 # 1990 3
65662.819968 14369.025214 678.40574577 131.15479236 # 1990 4
43330.252086 1631405.7709 2248101.2012 7338.816156 # 1991 1
1551975.4005 2874668.1335 445765.13124 7911.5550402 # 1991 2
204887.13904 55076.111601 944.87946695 95.294818565 # 1991 3
498832.02593 35525.011724 699.81942443 86.066350702 # 1991 4
41938.495169 9160058.6742 1014826.9563 131069.49362 # 1992 1
242670.84301 1116534.8272 110629.51389 21526.78495 # 1992 2
1320871.9656 1499645.8861 201615.39786 4457.6256586 # 1992 3
613305.9196 364681.46731 45173.759523 956.41257319 # 1992 4
186946.18928 2922793.2044 3870340.6209 1080381.3562 # 1993 1
1439457.8603 4853824.4891 1142084.3174 21226.38156 # 1993 2
1918805.4878 1812441.1821 291117.03211 27907.125644 # 1993 3
6871683.8899 571866.51387 29121.535128 2904.1062215 # 1993 4
974196.03202 36753343.127 392270.43481 77171.823394 # 1994 1
2623834.0299 7019544.7029 1236280.9336 117231.24749 # 1994 2
855922.25427 2923604.9627 494008.90028 16568.752138 # 1994 3
3466579.5595 1165257.8556 47617.726161 127.1172106 # 1994 4
212681.96447 22824025.283 2183014.7599 242586.86791 # 1995 1
684483.63689 8993460.7045 2408595.4693 376228.52568 # 1995 2
1968684.5496 4395073.6835 409759.32531 78683.506575 # 1995 3
257764.00265 686186.51614 63519.230413 13291.027609 # 1995 4
156910.20992 149606.24512 408181.25506 119270.14641 # 1996 1
1098797.8233 972000.39802 2104381.9262 736580.66443 # 1996 2
1664700.6567 275835.29741 99324.998086 42484.718786 # 1996 3
188423.73373 8778.7950969 98143.450854 16343.43844 # 1996 4
7393.8830657 2209837.35 91908.98451 138226.41527 # 1997 1
199517.80486 4523095.6484 829512.12493 232830.92483 # 1997 2
623098.3847 715090.22258 154021.2887 31774.184598 # 1997 3
117903.60118 109700.49748 19419.6627 3916.2683317 # 1997 4
116003.36962 3782414.5453 1123527.3749 169558.05184 # 1998 1
5468124.6199 2752127.7812 1301932.485 199753.17868 # 1998 2
1756268.456 1010561.0248 410072.1408 203700.43486 # 1998 3
161506.79148 92258.639247 32046.403215 16228.872452 # 1998 4
941.34194878 15645655.074 330471.82523 20519.276917 # 1999 1
132004.80372 2428382.8863 204563.45007 29394.17021 # 1999 2
2198833.4882 3205492.9335 533780.44965 128371.47266 # 1999 3
41582.498953 113424.86464 28291.792639 10935.222009 # 1999 4
6932.9774358 10008893.527 1241711.5005 49205.281459 # 2000 1
93074.991084 886202.73334 296083.34382 30642.93772 # 2000 2
1217953.9702 2864768.9047 1078598.9544 125958.61396 # 2000 3
2171194.3502 30828.816537 1479.3077795 72.633941861 # 2000 4
17202.935829 5011903.6153 222311.35325 6462.6687023 # 2001 1
645990.65339 4157334.1154 1270909.3443 350288.54726 # 2001 2
165280.21083 517000.13923 42864.785198 8965.8467485 # 2001 3
110902.02395 121850.80005 9739.129572 1949.7107296 # 2001 4
116664.86529 6455877.3996 391625.71028 67032.634681 # 2002 1
1045502.2587 4365079.7355 431238.49767 37181.27457 # 2002 2
1261519.197 1154862.7887 246611.24769 52929.569634 # 2002 3
59183.306362 55463.371811 22536.373309 1911.1849893 # 2002 4
199897.19735 3966882.506 461005.16888 58771.93643 # 2003 1
2898719.0253 6949574.513 871393.15371 151467.59321 # 2003 2
708242.22604 37614.350609 26858.30115 22010.214167 # 2003 3
167658.86805 9803.3532885 7707.4016957 4836.8680758 # 2003 4
282343.73853 4189489.4009 532777.2009 52883.181228 # 2004 1
25555067.892 3535559.3858 197616.16744 39503.521112 # 2004 2
5168679.0415 273483.47581 37312.793633 12385.987821 # 2004 3
1531593.3362 47393.614957 2418.3592649 1520.3852267 # 2004 4
115042.30886 12601383.242 313261.48698 64873.175371 # 2005 1
934600.41186 7683051.2721 185482.90853 14730.493818 # 2005 2
1240831.5516 5192046.607 182132.95847 27860.161692 # 2005 3
32745.108963 55531.337558 3094.0529776 655.82287285 # 2005 4
0 2102228.0447 1255828.4715 209672.92996 # 2006 1
362401.26 540383.61584 930560.92306 181283.05045 # 2006 2
182259.46701 131127.23419 157006.48716 9821.7398203 # 2006 3
12132.204009 9784.4061261 11145.221905 698.45434639 # 2006 4
0 1673572.3658 150230.94423 47799.855096 # 2007 1
750664.47607 4251325.2986 1410968.9091 175312.66392 # 2007 2
449345.68627 279332.24779 15627.6812 17151.057161 # 2007 3
51385.140033 38715.616882 2730.4822606 3581.6737266 # 2007 4
12963.002996 468459.3778 1376910.9297 254638.18273 # 2008 1
2225085.4574 1887109.2115 861228.4042 198900.31156 # 2008 2
898526.96949 92318.620675 70476.124275 18081.331147 # 2008 3
507443.86941 90575.659966 13115.24095 3997.1423428 # 2008 4
0 4550101.1497 138366.72857 23071.419033 # 2009 1
294264.44097 8185051.1124 432942.19493 93850.359964 # 2009 2
208310.9839 3445548.9987 417619.20565 63517.354859 # 2009 3
117903.74254 243552.68233 53041.896714 7765.1286739 # 2009 4
22539.075266 1598600.7342 404092.27147 56847.086813 # 2010 1
423125.47226 3532039.9987 2857611.207 1764100.1484 # 2010 2
320386.46444 2519551.0175 535504.69144 68815.78572 # 2010 3
129759.65122 204437.3727 38956.910476 15280.255755 # 2010 4
3694.0245032 1977186.7991 827424.31818 143617.00116 # 2011 1
492540.21738 4828118.9898 2480115.3741 704204.50429 # 2011 2
69195.749152 277801.08011 89518.297985 34680.30441 # 2011 3
74278.78635 218966.11136 65109.091981 28406.340454 # 2011 4
10468.972956 2520169.6963 500802.60937 73457.443224 # 2012 1
200599.61882 4025635.2328 1404180.408 181658.01546 # 2012 2
108685.86328 449224.44214 69883.159961 25831.422037 # 2012 3
6611.0283466 27261.853511 8609.1011115 5243.6130156 # 2012 4
14741.873517 2100321.0644 236316.43123 20838.152392 # 2013 1
490344.66902 2441273.4317 555314.44929 48272.137087 # 2013 2
193873.75212 2267.3762911 3127.3456172 4945.6191226 # 2013 3
5598328.971 44177.611018 41030.868864 42270.570299 # 2013 4
412858.25335 9842810.1291 551951.86744 35433.380989 # 2014 1
919620.51859 4533697.1903 212718.66376 15579.140331 # 2014 2
2130699.1722 2176229.9223 123794.98819 13169.086235 # 2014 3
2338682.2497 35220.553134 3142.8733863 193.61150604 # 2014 4
169170.26199 12980126.92 2177968.091 88182.455387 # 2015 1
270642.43696 11562054.844 1317203.8678 170884.30534 # 2015 2
432683.6586 2003254.8592 620710.44884 60772.534544 # 2015 3
226713.33126 734791.88952 201617.69588 31872.617677 # 2015 4
3605940.8432 12619199.095 3289416.3903 255692.53029 # 2016 1
3699732.0908 1552604.7585 1167415.2704 210514.10986 # 2016 2
535815.19189 34725.219734 5686.7728769 1093.7669891 # 2016 3
150256.09128 9737.8272678 1594.7145161 306.7198449 # 2016 4
809707.23775 9994518.9486 563704.12716 53788.559995 # 2017 1
1415986.0005 2740179.3273 154899.20252 59560.01889 # 2017 2
674634.82418 860338.84932 91443.861739 36426.305907 # 2017 3
1994041.3531 51662.703556 1903.4208717 53.376773471 # 2017 4
5149798.5297 10639732.071 2083717.3909 144937.86417 # 2018 1
2366344.3552 3186050.5755 1269651.5183 288461.62572 # 2018 2
205312.69681 1097861.0285 187892.3626 11947.834609 # 2018 3
459232.22881 172315.46418 40239.981344 0 # 2018 4
2793885.9696 9583649.1533 2477289.5424 99291.534015 # 2019 1
989477.4069 2347385.4771 895571.21706 102802.92778 # 2019 2
217615.62933 31151.501189 2606.9285951 268.32669727 # 2019 3
2792954.6727 185515.10872 5053.5863337 222.17653954 # 2019 4
295970.5094 9084896.5746 2514218.2477 270755.21503 # 2020 1
376500.79914 2468004.6172 428752.81056 78689.622056 # 2020 2
33719.724559 75491.704981 6488.3725855 1393.910965 # 2020 3
13949.723062 31230.634049 2684.2153034 576.65571675 # 2020 4
797387.06482 5856619.7985 1239164.5569 185144.27024 # 2021 1
310395.49397 807562.94431 344759.92931 102701.97532 # 2021 2
61500.62792 8034.8452486 431.96328486 7.8156192485 # 2021 3
2466265.3194 257996.02147 14175.859237 104.62246572 # 2021 4
449491.44652 5242323.0416 454933.59903 29571.977636 # 2022 1
877440.63709 285960.68853 328489.8578 80591.0313 # 2022 2
11139.377303 3127.2135615 184.84162615 34.934484316 # 2022 3
64338.26252 18062.004868 1067.5990896 201.77286052 # 2022 4
711274.31354 5149556.6391 1616359.1015 64077.12819 # 2023 1
448147.94683 1480549.0582 492367.83194 46210.026083 # 2023 2
179167.6915 59459.772594 15200.777624 372.29781346 # 2023 3
1653697.597 275980.98733 28473.746559 1530.4553983 # 2023 4
6820825.1104 2442325.8035 602241.73759 50900.067879 # 2024 1
2676157.4003 467296.09078 31466.934816 5109.2983419 # 2024 2
0 0 0 0 # 2024 3
0 0 0 0 # 2024 4
