0.0057220959 0.0084795366 0.0139777782 0.0171682336 # 1974 1
0.0059038581 0.0090625477 0.0154270315 0.0195371375 # 1974 2
0.0050436663 0.007932165 0.0155393586 0.0199083206 # 1974 3
0.0068040303 0.0108820577 0.0188638688 0.0186764532 # 1974 4
0.0048654876 0.0087095287 0.0132640406 0.0175151119 # 1975 1
0.0076524479 0.0112273475 0.0174372829 0.0214274785 # 1975 2
0.0049368372 0.0108661623 0.0157740682 0.0197479076 # 1975 3
0.0062972102 0.0117297563 0.0180044463 0.0171037179 # 1975 4
0.0048406918 0.0070688927 0.0118632957 0.0132230861 # 1976 1
0.0045115599 0.0091275272 0.016028963 0.0190815713 # 1976 2
0.0022508643 0.0059665963 0.0107567515 0.0160557792 # 1976 3
0.0034096067 0.005798334 0.0089251715 0.0141813754 # 1976 4
0.0054100632 0.0084427484 0.0128115379 0.017782725 # 1977 1
0.0060438013 0.0112595354 0.015063785 0.0202816162 # 1977 2
0.0022999016 0.0079167346 0.0108089663 0.0142389019 # 1977 3
0.0024752814 0.0066269937 0.0100659888 0.0127326767 # 1977 4
0.003828057 0.0069017929 0.0120574063 0.0144436429 # 1978 1
0.0045397389 0.0104199291 0.0159742232 0.0193549192 # 1978 2
0.0031765689 0.0091074979 0.0125172179 0.0168850766 # 1978 3
0.0019950141 0.0050687713 0.0078199032 0.0095211528 # 1978 4
0.004982781 0.005867206 0.0065874248 0.0112542346 # 1979 1
0.0054429397 0.0106362432 0.0152952733 0.0179736762 # 1979 2
0.0033698777 0.0077481575 0.0130968799 0.0165764022 # 1979 3
0.0028767105 0.0107967431 0.0124504928 0.0152555258 # 1979 4
0.0057220959 0.0051657526 0.0069079094 0.0083856572 # 1980 1
0.0051415345 0.005136837 0.0069394936 0.0082774858 # 1980 2
0.0033026365 0.0087710124 0.0134164421 0.017325314 # 1980 3
0.0045777535 0.0073192194 0.0103677936 0.0229836174 # 1980 4
0.006707193 0.0098305398 0.0130562135 0.0160204388 # 1981 1
0.0064852805 0.0122851207 0.015296802 0.0189951769 # 1981 2
0.0049563123 0.0090353219 0.0163082198 0.0219127228 # 1981 3
0.0063286526 0.0142959362 0.0196896418 0.0215278558 # 1981 4
0.0083881531 0.0088840381 0.0179581731 0.0201273717 # 1982 1
0.0071880248 0.0111250643 0.0164039776 0.022062017 # 1982 2
0.002937138 0.007823783 0.0117076813 0.0169753407 # 1982 3
0.0041090228 0.0074939447 0.0108767371 0.0150682007 # 1982 4
0.0047961429 0.0090391849 0.0124797168 0.0148661249 # 1983 1
0.0042958326 0.0126753227 0.017163591 0.0209308472 # 1983 2
0.0035307932 0.0096546677 0.0166702569 0.0166936455 # 1983 3
0.0038235759 0.0089997806 0.0129573977 0.0162173138 # 1983 4
0.005142111 0.0078943544 0.0124433282 0.0168610183 # 1984 1
0.0053922263 0.0123861024 0.0175530051 0.0167028735 # 1984 2
0.0092920147 0.0135340214 0.0196860311 0.0196860311 # 1984 3
0.0092920147 0.0135340214 0.0196860311 0.0196860311 # 1984 4
0.0057220959 0.0092920147 0.0135340214 0.0196860311 # 1985 1
0.0051415345 0.0092920147 0.0135340214 0.0196860311 # 1985 2
0.0072579963 0.009879995 0.0165839916 0.0165839916 # 1985 3
0.0072579963 0.009879995 0.0165839916 0.0165839916 # 1985 4
0.0057220959 0.0072579963 0.009879995 0.0165839916 # 1986 1
0.0051415345 0.0072579963 0.009879995 0.0165839916 # 1986 2
0.0085270558 0.01610197 0.022256464 0.0166936455 # 1986 3
0.0085967813 0.0152427795 0.0203790469 0.0162173138 # 1986 4
0.0064763722 0.0086455477 0.0121003292 0.0154114458 # 1987 1
0.005881119 0.0093873585 0.0113535945 0.0167604508 # 1987 2
0.0067381943 0.0127239936 0.0175873576 0.0209616336 # 1987 3
0.0071415497 0.0126625378 0.0169293567 0.0199873673 # 1987 4
0.0043473177 0.0090197694 0.0119089738 0.0138794739 # 1988 1
0.0046863312 0.0086684268 0.0117104148 0.0139898788 # 1988 2
0.0052939278 0.0144153006 0.0194224381 0.0160144028 # 1988 3
0.006592482 0.0116889969 0.0156277676 0.0184506675 # 1988 4
0.0056520767 0.008618364 0.0100035875 0.0163909476 # 1989 1
0.0044324334 0.0081987856 0.0110759637 0.0131799699 # 1989 2
0.0047833514 0.0081912356 0.0126015826 0.0159226263 # 1989 3
0.0048994874 0.0086871823 0.0116144497 0.0137124095 # 1989 4
0.0042638786 0.0070172553 0.0093838339 0.011643856 # 1990 1
0.0037812524 0.0069942795 0.0094487633 0.0113746015 # 1990 2
0.0044574649 0.0102016169 0.0135527105 0.0152748225 # 1990 3
0.0049400975 0.0087591873 0.0117107177 0.0138260667 # 1990 4
0.0069082993 0.014260648 0.0155936349 0.0166811636 # 1991 1
0.0057037249 0.0145419868 0.0189102093 0.0162460455 # 1991 2
0.0052693787 0.010498264 0.0147401657 0.0172378061 # 1991 3
0.0062193676 0.0121960275 0.015956597 0.0186603549 # 1991 4
0.0066249503 0.0099230857 0.0127581901 0.0152154751 # 1992 1
0.0059599008 0.0120735405 0.0155094534 0.0185222509 # 1992 2
0.0036507537 0.0099199943 0.014317192 0.0175360726 # 1992 3
0.0044012633 0.0078037913 0.0104333877 0.012318008 # 1992 4
0.0063820822 0.0108642551 0.0123087916 0.0130476759 # 1993 1
0.0079999487 0.0105575647 0.0138885879 0.0168912473 # 1993 2
0.002417669 0.0080809405 0.0120310413 0.0146987224 # 1993 3
0.0023537081 0.0123737202 0.0116255519 0.0132939016 # 1993 4
0.0059237212 0.0066980447 0.0104163236 0.0134158162 # 1994 1
0.0079147746 0.010282754 0.0124741599 0.0152314806 # 1994 2
0.0028901409 0.0083207317 0.009879899 0.0168472844 # 1994 3
0.0037729887 0.0071243404 0.010206918 0.0147698174 # 1994 4
0.003766411 0.0082811156 0.0122048387 0.0126578696 # 1995 1
0.0049884339 0.0102570876 0.0137394606 0.0160637418 # 1995 2
0.0083490034 0.0098088745 0.0132616257 0.0166934642 # 1995 3
0.0061046132 0.0108239667 0.0144712533 0.0170852479 # 1995 4
0.0066988094 0.0110245296 0.0147425667 0.0179292707 # 1996 1
0.0078017727 0.0118510734 0.0153860426 0.0172311125 # 1996 2
0.0028855721 0.0063992167 0.0091394627 0.0119534017 # 1996 3
0.0035074656 0.0062190166 0.008314601 0.0098164973 # 1996 4
0.0072415765 0.0128416803 0.0150772943 0.0167811052 # 1997 1
0.0059128347 0.0121961242 0.0166084096 0.0211883236 # 1997 2
0.0071930512 0.0098422767 0.0123864611 0.0152163496 # 1997 3
0.0054290582 0.0096261536 0.0128698205 0.0151945424 # 1997 4
0.0058291693 0.0141189882 0.0171106139 0.0194035546 # 1998 1
0.0051023827 0.0126017853 0.0158905584 0.0178939506 # 1998 2
0.0043402082 0.0064122386 0.0098874234 0.0098197117 # 1998 3
0.0041750728 0.0074027374 0.009897193 0.0116849586 # 1998 4
0.0053121855 0.0097519962 0.011593661 0.0149572027 # 1999 1
0.004696043 0.011707387 0.0140211878 0.0171405139 # 1999 2
0.0042130295 0.0095076012 0.0116836041 0.0136722816 # 1999 3
0.0054654559 0.0096906897 0.0129561028 0.0152964103 # 1999 4
0.0067619987 0.0123324685 0.0148637512 0.017726617 # 2000 1
0.0065160997 0.0149617684 0.017663521 0.017858444 # 2000 2
0.005408842 0.0106995603 0.0134330797 0.0155800421 # 2000 3
0.0035992298 0.0048420648 0.0123655562 0.0142093475 # 2000 4
0.0066959072 0.0108787427 0.0118967777 0.0163565633 # 2001 1
0.0050055066 0.011940867 0.014056702 0.0166428218 # 2001 2
0.0066156247 0.0128854005 0.0154507992 0.0171990984 # 2001 3
0.0068781716 0.0121955474 0.0163050073 0.0192502395 # 2001 4
0.0074108247 0.0109673082 0.0146963299 0.0159034457 # 2002 1
0.0083407711 0.0122037405 0.0148611101 0.0163777434 # 2002 2
0.0047925907 0.0103688595 0.0137208135 0.0151374242 # 2002 3
0.0068199654 0.0113563981 0.0140526801 0.0155973102 # 2002 4
0.0043032685 0.0125605431 0.0149525739 0.0232459397 # 2003 1
0.0057468876 0.0109496486 0.0147161905 0.0174495936 # 2003 2
0.0048641713 0.0123573778 0.0140060045 0.014624494 # 2003 3
0.0050918971 0.00902834 0.0120705652 0.0142509148 # 2003 4
0.0089266902 0.0116520128 0.0143002901 0.0170822238 # 2004 1
0.0042083614 0.0101222638 0.0145930297 0.0158235664 # 2004 2
0.0030790276 0.0099366974 0.0114851033 0.013002203 # 2004 3
0.0044988803 0.0099042979 0.0111083824 0.0126357479 # 2004 4
0.0076630641 0.0097119737 0.0134626908 0.0164753866 # 2005 1
0.0066972648 0.0103093814 0.0116090278 0.0146179791 # 2005 2
0.0055958437 0.008099818 0.0115790296 0.0144902022 # 2005 3
0.0049551715 0.0087859147 0.0117464513 0.0138682551 # 2005 4
0.0057220959 0.0109126203 0.0135661276 0.0156118178 # 2006 1
0.0077944663 0.0140551154 0.0158285631 0.0180216651 # 2006 2
0.0041534495 0.0099699589 0.0131611544 0.0139311888 # 2006 3
0.0052815906 0.0093646818 0.012520242 0.0147818184 # 2006 4
0.0057220959 0.0118922289 0.0133651572 0.0155448429 # 2007 1
0.006658867 0.0102428057 0.0129324313 0.0156461694 # 2007 2
0.0046718456 0.0079009734 0.0119823117 0.0126070393 # 2007 3
0.0050938077 0.0090317277 0.0120750945 0.0142562622 # 2007 4
0.0063234329 0.0103333282 0.0115503542 0.0132979368 # 2008 1
0.0045694398 0.008075781 0.0127417251 0.0147479194 # 2008 2
0.0033796594 0.007314029 0.0090373352 0.0095695115 # 2008 3
0.0043931244 0.007203667 0.0092072316 0.0095098572 # 2008 4
0.0057220959 0.0096136921 0.0128584332 0.0144328812 # 2009 1
0.0046207099 0.0096444622 0.013608965 0.0151621699 # 2009 2
0.0042240023 0.0078095072 0.0108886939 0.0143660444 # 2009 3
0.0086336014 0.0097265867 0.0107895551 0.0143303494 # 2009 4
0.0065617855 0.0080889316 0.0100818033 0.0138016509 # 2010 1
0.004832063 0.0095854286 0.011778381 0.0153160135 # 2010 2
0.0051654851 0.0073040263 0.0096978771 0.0134222439 # 2010 3
0.0040446683 0.0071715198 0.0095880635 0.0113199899 # 2010 4
0.00560118 0.0085990852 0.0105003268 0.0139820287 # 2011 1
0.0046212161 0.0090495182 0.0118999965 0.0150100007 # 2011 2
0.0041804322 0.0097363791 0.0123723923 0.016593059 # 2011 3
0.0052824298 0.0093661697 0.0125222314 0.0147841671 # 2011 4
0.0060266396 0.0087324905 0.0110862645 0.0154052176 # 2012 1
0.0059213435 0.0088931943 0.0126772797 0.0156726015 # 2012 2
0.0040907961 0.0071711538 0.0118729412 0.0150481716 # 2012 3
0.0050270217 0.0089133108 0.0119167753 0.0140693452 # 2012 4
0.0069731612 0.0099514526 0.0125734789 0.0149325913 # 2013 1
0.005191758 0.0098052081 0.0129181131 0.0154285369 # 2013 2
0.0025500278 0.0048153163 0.0066558263 0.0079328 # 2013 3
0.0020592226 0.0088709679 0.0123280632 0.0135212984 # 2013 4
0.0053777402 0.0090729052 0.0128057828 0.0146541705 # 2014 1
0.0046144372 0.0084193778 0.012982078 0.0143426011 # 2014 2
0.0056338968 0.0085431319 0.0118542304 0.0139416244 # 2014 3
0.0072722705 0.0112116292 0.0119376923 0.0140827108 # 2014 4
0.0054962877 0.0081714992 0.0109798916 0.0134466538 # 2015 1
0.0051404205 0.0087693527 0.0117754302 0.0154605117 # 2015 2
0.0041000131 0.007985458 0.011202528 0.0161442206 # 2015 3
0.00470287 0.008338564 0.0111483595 0.0131621278 # 2015 4
0.0044321901 0.0083784238 0.0118358918 0.0147923614 # 2016 1
0.0044819256 0.0088413603 0.0124739505 0.0153813844 # 2016 2
0.0077362269 0.0146086173 0.0201923221 0.0240663814 # 2016 3
0.0078081304 0.0138444386 0.0185095155 0.0218529559 # 2016 4
0.0041412756 0.0083697902 0.0116211678 0.0135862125 # 2017 1
0.0034798862 0.0079731884 0.0119162106 0.0167054966 # 2017 2
0.0040192691 0.0069291617 0.0116544151 0.012693838 # 2017 3
0.005532032 0.0080249983 0.0115488652 0.0122183543 # 2017 4
0.0038216333 0.0069083302 0.009151847 0.0119030614 # 2018 1
0.005199058 0.0078608952 0.0104520461 0.0136024558 # 2018 2
0.0042245147 0.0068952131 0.009834603 0.0139391944 # 2018 3
0.005555727 0.0063745142 0.0076556237 0.0162173138 # 2018 4
0.0035680202 0.0065843531 0.0092321756 0.0115555731 # 2019 1
0.0042955565 0.0079167285 0.0101030042 0.0150076664 # 2019 2
0.0057691483 0.0108941065 0.0150580512 0.0179470594 # 2019 3
0.0064775574 0.0079375594 0.0104557235 0.0159836808 # 2019 4
0.0051735174 0.0094933925 0.0126720014 0.0170801422 # 2020 1
0.0065801705 0.0106061352 0.0146495837 0.016962939 # 2020 2
0.005102421 0.0074351242 0.0094601917 0.0139690059 # 2020 3
0.0043573705 0.0077259659 0.0103293379 0.0121951634 # 2020 4
0.0059798798 0.0072743822 0.0114506823 0.0134814652 # 2021 1
0.0060741495 0.0090738677 0.0122347336 0.0168944999 # 2021 2
0.0066361544 0.0125313077 0.0173210234 0.020644201 # 2021 3
0.006915552 0.0089517251 0.0153486541 0.0162358887 # 2021 4
0.0062172463 0.0085426169 0.0114220585 0.0135768912 # 2022 1
0.0073316391 0.0124467387 0.0163024755 0.0183436478 # 2022 2
0.0075434277 0.0142445469 0.0196890968 0.0234666083 # 2022 3
0.007725495 0.0136979195 0.0183136246 0.0216216805 # 2022 4
0.0053238054 0.009194317 0.0109460293 0.012265166 # 2023 1
0.0051845037 0.008394733 0.0111140408 0.0134669948 # 2023 2
0.0032890881 0.0062109127 0.0085848473 0.0102319193 # 2023 3
0.0031746864 0.0046759449 0.006643303 0.0093994926 # 2023 4
0.0046051411 0.0086466766 0.0114775643 0.013912958 # 2024 1
0.0045703753 0.0089544226 0.0126665028 0.013513368 # 2024 2
0.0052568848 0.0100369532 0.0146352402 0.0166936455 # 2024 3
0.0056626375 0.0100313469 0.0142542421 0.0162173138 # 2024 4
0.005459918 0.00863027704 0.01159366716 0.01406332452 # 2025 1
0.00594816762 0.00989517944 0.01339346728 0.0158362899 # 2025 2
0.0055655952 0.01009176894 0.01393807988 0.017001076 # 2025 3
0.00556714828 0.00901658046 0.01297783234 0.0151339078 # 2025 4
