6609948.5043 41642309.747 3880701.9505 434483.95938 # 1974 1
9965573.1718 46646216.171 13824356.399 416544.55587 # 1975 1
22503829.568 64079548.857 3569296.7735 209928.49881 # 1976 1
31667063.289 18283121.942 9505837.9944 145457.44758 # 1977 1
23233763.511 44582003.876 2268059.9959 177145.17258 # 1978 1
16282835.084 49923772.852 2476865.1826 130850.5334 # 1979 1
4713523.9945 26557503.646 26708794.475 1779335.4238 # 1980 1
1654064.838 18410303.521 4038503.5212 248298.94139 # 1981 1
4361746.1225 11139378.832 1431314.0909 83318.192059 # 1982 1
9820678.0021 4350110.0038 1365565.6251 172684.00406 # 1983 1
2728564.4196 9892390.5827 490227.32762 5046.0446678 # 1984 1
313907.07997 2422487.0029 974950.97074 22968.231441 # 1985 1
992244.34212 478550.19085 629724.55679 6287.3147304 # 1986 1
403936.34657 4583951.9954 334234.47213 33063.407103 # 1987 1
7044834.284 2720844.5967 2922573.5976 43575.991565 # 1988 1
545549.40515 2323446.369 3380736.1254 13766.421938 # 1989 1
351717.09925 4791776.6637 3702493.7236 391140.15661 # 1990 1
2299024.8175 4596675.0278 2695511.0313 15431.732365 # 1991 1
2218787.2234 12140920.855 1372245.6276 158010.3168 # 1992 1
10416893.427 10160925.389 5332663.5056 1132418.9696 # 1993 1
7920531.8757 47861750.648 2170177.9949 211098.94024 # 1994 1
3123614.1536 36898746.187 5064888.7849 710789.92778 # 1995 1
3108832.4236 1406220.7357 2710031.6302 914678.96807 # 1996 1
947913.67381 7557723.7184 1094862.0608 406747.79303 # 1997 1
7501903.237 7637361.9906 2867578.4039 589240.53784 # 1998 1
2373362.1328 21392955.759 1097107.5176 189220.14179 # 1999 1
3489156.2889 13790693.982 2617873.1065 205879.46708 # 2000 1
939375.824 9808088.67 1545824.6123 367666.77344 # 2001 1
2482869.6274 12031283.296 1092011.829 159054.66387 # 2002 1
3974517.3168 10963874.723 1366964.0254 237086.61188 # 2003 1
32537684.009 8045925.8775 770124.52124 106293.07539 # 2004 1
2323219.3813 25532012.459 683971.40696 108119.65375 # 2005 1
556792.93102 2783523.3008 2354541.1036 401476.17457 # 2006 1
1251395.3024 6242945.5291 1579558.0168 243845.24991 # 2007 1
3644019.2993 2538462.87 2321730.6992 475616.96778 # 2008 1
620479.1674 16424253.943 1041970.0259 188204.26253 # 2009 1
895810.66319 7854629.123 3836165.0803 1905043.2767 # 2010 1
639708.77738 7302072.9804 3462167.0823 910908.15031 # 2011 1
326365.4834 7022291.2248 1983475.2785 286190.49374 # 2012 1
6297289.2656 4588039.4834 835789.09501 116326.4789 # 2013 1
5801860.1939 16587957.795 891608.39277 64375.219062 # 2014 1
1099209.6888 27280228.513 4317500.1036 351711.91295 # 2015 1
7991744.2171 14216266.9 4464113.1481 467607.12698 # 2016 1
4894369.4155 13646699.829 811950.61229 149828.26156 # 2017 1
8180687.8105 15095959.139 3581501.2531 445347.32449 # 2018 1
6793933.6785 12147701.24 3380521.2744 202584.96503 # 2019 1
720140.75616 11659623.531 2952143.6461 351415.40377 # 2020 1
3635548.5061 6930213.6095 1598532.3087 287958.68365 # 2021 1
1402409.7234 5549472.9485 784675.89755 110399.71628 # 2022 1
2992287.5489 6965546.4572 2152401.4576 112189.90748 # 2023 1
9496982.5107 2909621.8942 633708.6724 56009.366221 # 2024 1
