1.394999999 1.158333333 1.042333333 0.992333333 # 1974
1.423999999 1.202000001 1.081333333 1.031333333 # 1975
1.429 1.209666667 1.089333334 1.046 # 1976
1.376 1.179 1.059 1.022333333 # 1977
1.255666667 1.095 0.987666666 0.951 # 1978
1.319333333 1.210666667 1.072000001 1.042666667 # 1979
1.367333333 1.236 1.080333334 1.036666667 # 1980
1.332333334 1.216666667 1.059 0.983333333 # 1981
1.180333334 1.030333333 0.916333333 0.82 # 1982
1.158333334 0.998333333 0.876 0.791333333 # 1983
1.226666666 1.041333334 0.910333333 0.825666666 # 1984
1.346666666 1.150333333 0.971999999 0.892666666 # 1985
1.440000001 1.231333333 1.041999999 0.944666666 # 1986
1.512000001 1.252333334 1.112 1.003333333 # 1987
1.567333334 1.273999999 1.184333334 1.07 # 1988
1.553333334 1.312333333 1.233666667 1.132666667 # 1989
1.506 1.316333334 1.208 1.155 # 1990
1.428 1.269000001 1.159999999 1.121 # 1991
1.334 1.172666667 1.082 1.042333333 # 1992
1.225333334 1.113333333 1.033333334 0.997 # 1993
1.259 1.109333333 1.028333333 1.010333332 # 1994
1.227 1.070666667 0.995 0.966666666 # 1995
1.298666667 1.043333334 0.95 0.888666667 # 1996
1.253666667 1.014666667 0.914333333 0.835333333 # 1997
1.294666667 1.028 0.925333333 0.866 # 1998
1.252333333 1.065666667 0.983333334 0.954666668 # 1999
1.202000001 1.01 0.948333333 0.922 # 2000
1.212 1.049 0.986666667 0.951 # 2001
1.222333333 1.029 0.970333333 0.913 # 2002
1.249333334 1.078666666 1.019000001 0.978333334 # 2003
1.206333333 1.058333333 1.001333334 0.971333334 # 2004
1.219 1.065333333 0.982 0.982 # 2005
1.247333333 1.095 1.017333333 1.015 # 2006
1.260000001 1.084333333 1.002 0.999666667 # 2007
1.225333333 1.088 1.023666666 1.009 # 2008
1.205000001 1.089000001 1.010999999 0.990999999 # 2009
1.315000001 1.178333333 1.074666667 1.054 # 2010
1.41 1.284666667 1.168333334 1.155333334 # 2011
1.392333334 1.243 1.109666667 1.073000001 # 2012
1.235333334 1.141333333 1.038666667 0.979666667 # 2013
1.198666666 1.086333333 0.986666667 0.918333333 # 2014
1.233333333 1.147666666 1.030666667 0.993666666 # 2015
1.322999999 1.226333332 1.080333334 1.066333334 # 2016
1.307 1.222333333 1.068333334 1.068333334 # 2017
1.287333334 1.207666667 1.062666667 1.062666667 # 2018
1.346666667 1.27 1.122 1.122 # 2019
1.446 1.373 1.231666667 1.231666667 # 2020
1.447333332 1.379333334 1.252 1.252 # 2021
1.447333332 1.379333334 1.252 1.252 # 2022
1.447333332 1.379333334 1.252 1.252 # 2023
1.447333332 1.379333334 1.252 1.252 # 2024
