0 0.4 0.9 1 # 1974 1
0 0.4 0.9 1 # 1975 1
0 0.4 0.9 1 # 1976 1
0 0.4 0.9 1 # 1977 1
0 0.4 0.9 1 # 1978 1
0 0.4 0.9 1 # 1979 1
0 0.4 0.9 1 # 1980 1
0 0.4 0.9 1 # 1981 1
0 0.4 0.9 1 # 1982 1
0 0.4 0.9 1 # 1983 1
0 0.4 0.9 1 # 1984 1
0 0.4 0.9 1 # 1985 1
0 0.4 0.9 1 # 1986 1
0 0.4 0.9 1 # 1987 1
0 0.4 0.9 1 # 1988 1
0 0.4 0.9 1 # 1989 1
0 0.4 0.9 1 # 1990 1
0 0.4 0.9 1 # 1991 1
0 0.4 0.9 1 # 1992 1
0 0.4 0.9 1 # 1993 1
0 0.4 0.9 1 # 1994 1
0 0.4 0.9 1 # 1995 1
0 0.4 0.9 1 # 1996 1
0 0.4 0.9 1 # 1997 1
0 0.4 0.9 1 # 1998 1
0 0.4 0.9 1 # 1999 1
0 0.4 0.9 1 # 2000 1
0 0.4 0.9 1 # 2001 1
0 0.4 0.9 1 # 2002 1
0 0.4 0.9 1 # 2003 1
0 0.4 0.9 1 # 2004 1
0 0.4 0.9 1 # 2005 1
0 0.4 0.9 1 # 2006 1
0 0.4 0.9 1 # 2007 1
0 0.4 0.9 1 # 2008 1
0 0.4 0.9 1 # 2009 1
0 0.4 0.9 1 # 2010 1
0 0.4 0.9 1 # 2011 1
0 0.4 0.9 1 # 2012 1
0 0.4 0.9 1 # 2013 1
0 0.4 0.9 1 # 2014 1
0 0.4 0.9 1 # 2015 1
0 0.4 0.9 1 # 2016 1
0 0.4 0.9 1 # 2017 1
0 0.4 0.9 1 # 2018 1
0 0.4 0.9 1 # 2019 1
0 0.4 0.9 1 # 2020 1
0 0.4 0.9 1 # 2021 1
0 0.4 0.9 1 # 2022 1
0 0.4 0.9 1 # 2023 1
0 0.4 0.9 1 # 2024 1
0 0.4 0.9 1 # 2025 1
