0.0056804355 0.0086408004 0.015040915 0.0175184362 # 1974 1
0.0057000382 0.0098218031 0.0148440168 0.0194769622 # 1975 1
0.0035485297 0.0075228468 0.0132396185 0.0152271601 # 1976 1
0.0029846565 0.0091285732 0.0131814982 0.017901845 # 1977 1
0.0029775041 0.0079126669 0.0139669456 0.0172592657 # 1978 1
0.0036481339 0.0072032139 0.0136508628 0.0143882655 # 1979 1
0.0038710893 0.0057158632 0.0070009554 0.0084698592 # 1980 1
0.0061464274 0.0102296314 0.0148263627 0.0180082076 # 1981 1
0.0046056813 0.0098212688 0.0166944284 0.0208981117 # 1982 1
0.0044011074 0.0102117091 0.0142125688 0.0173650701 # 1983 1
0.0036397671 0.0090543598 0.0142997757 0.0167567649 # 1984 1
0.008470233 0.01405162 0.0181970323 0.0217966104 # 1985 1
0.0082113514 0.0128541581 0.016700751 0.02001355 # 1986 1
0.006713473 0.0099239813 0.0125111267 0.0204578457 # 1987 1
0.0046763107 0.0102758132 0.0120283214 0.0141829935 # 1988 1
0.0048161581 0.0085333197 0.0100424413 0.0158341056 # 1989 1
0.0045437478 0.0070489189 0.009415207 0.011529795 # 1990 1
0.0057996011 0.0143755555 0.0161419023 0.0164725627 # 1991 1
0.0041669762 0.0100568115 0.0131325179 0.0157139073 # 1992 1
0.0032180102 0.0103062348 0.0126282391 0.0131610405 # 1993 1
0.0053141661 0.0073332882 0.0114619032 0.0146942682 # 1994 1
0.0071153643 0.0089919882 0.0130485438 0.0149901556 # 1995 1
0.0048533288 0.0106585769 0.0148040892 0.0169445278 # 1996 1
0.0067045591 0.0121248638 0.0158196387 0.0191663781 # 1997 1
0.0049152249 0.0124713893 0.0154431361 0.0153660773 # 1998 1
0.0042622735 0.009937014 0.012125185 0.0144442484 # 1999 1
0.0043150015 0.0121454777 0.0145895396 0.0164317064 # 2000 1
0.0055408438 0.0114510766 0.0137988969 0.0166651823 # 2001 1
0.0064580319 0.0113602488 0.0145278159 0.0157557274 # 2002 1
0.0054893552 0.0115356043 0.0147670394 0.0185589344 # 2003 1
0.0040835825 0.0109112081 0.0142289879 0.0160754146 # 2004 1
0.0061322664 0.0095618915 0.012450646 0.0156949743 # 2005 1
0.0065478691 0.011472845 0.0144283313 0.0166574042 # 2006 1
0.0058811109 0.0105726808 0.0129627054 0.0153921317 # 2007 1
0.0042577557 0.0084335774 0.0119027654 0.0137307338 # 2008 1
0.0052500564 0.009252211 0.0122754977 0.0147697627 # 2009 1
0.0048807767 0.0084862164 0.0112869993 0.015170364 # 2010 1
0.0046559722 0.0089631806 0.0115894051 0.014901155 # 2011 1
0.0052969985 0.0087254378 0.0122439284 0.0155182354 # 2012 1
0.0023297544 0.0098606946 0.0127682699 0.0143279645 # 2013 1
0.0061144949 0.0088293263 0.0127126652 0.0144312865 # 2014 1
0.0046954065 0.0084157232 0.011262473 0.0148654459 # 2015 1
0.0047402101 0.0084479448 0.0120157804 0.0150838602 # 2016 1
0.0044997279 0.008198027 0.0116810292 0.0146087546 # 2017 1
0.0043275235 0.0071023248 0.0096317789 0.0130584236 # 2018 1
0.0049405809 0.0068735349 0.0094691982 0.01332068 # 2019 1
0.0058897991 0.0097108673 0.0129500253 0.0170335413 # 2020 1
0.0066337669 0.0075526109 0.0116559345 0.0146999371 # 2021 1
0.0069942122 0.008763786 0.0134764774 0.0170744233 # 2022 1
0.003993393 0.0088198739 0.0109108671 0.0127143489 # 2023 1
0.0045953444 0.0086961018 0.0115366013 0.0138765065 # 2024 1
0.00562130312 0.00870864798 0.01210598112 0.01507975142 # 2025 1
