# ---- Q1 IBTS ----
# eff age0 age1 age2 age3 hashtag years
0.1 124519.4494 334784.3391 192841.2876 14569.599 # 1982
0.1 273730.1074 295250.3486 49186.7793 10587.5647 # 1983
0.1 148372.4012 129504.0672 28625.8183 6660.3203 # 1984
0.1 37155.195 59036.9922 22480.0284 3315.5963 # 1985
0.1 160263.9117 42919.8162 13758.9917 4947.577 # 1986
0.1 93498.8578 390758.7452 37124.8522 8214.9368 # 1987
0.1 280549.9189 69114.1892 54353.4334 5588.1166 # 1988
0.1 160928.0228 99724.5947 24738.3045 11480.3659 # 1989
0.1 673899.0089 106299.1484 19533.6655 4450.5562 # 1990
0.1 1002529.7606 162514.1712 23212.5405 6439.7037 # 1991
0.1 711147.6973 685687.9026 51762.7658 6906.6291 # 1992
0.1 592058.6699 612807.698 80966.9861 6056.5397 # 1993
0.1 889118.731 1552562.6076 178539.3676 5625.1139 # 1994
0.1 295383.4665 561720.7954 140706.7042 20138.708 # 1995
0.1 332845.1515 101207.3406 86872.4833 17083.5099 # 1996
0.1 553555.2224 572517.0482 85034.13 10090.906 # 1997
0.1 2576014.6039 342947.3969 45869.7288 4604.3499 # 1998
0.1 968376.2159 662098.0794 91155.2964 15890.4349 # 1999
0.1 977420.6834 680181.4659 125780.1814 8799.1838 # 2000
0.1 565582.6861 488781.9726 39814.6917 5296.8471 # 2001
0.1 1123531.3397 327783.7106 36474.0106 3642.0505 # 2002
0.1 1983836.8666 366605.2414 59971.6171 5670.9408 # 2003
0.1 4624671.7474 336127.3663 19566.3783 1539.8875 # 2004
0.1 591023.0039 699349.8518 29353.8098 3126.1678 # 2005
0.1 920912.8341 503860.8702 84779.4753 6601.0923 # 2006
0.1 665919.5284 367976.0549 23796.9849 4443.3606 # 2007
0.1 2021117.5689 157957.2337 15566.3038 2505.5163 # 2008
0.1 1536844.5501 960130.0172 44315.0096 8257.0843 # 2009
0.1 518002.1802 446270.6881 104779.3555 25030.5836 # 2010
0.1 1386927.6995 1430288.5634 129652.1438 22953.1156 # 2011
0.1 491576.4986 550887.3915 114655.5749 21500.8786 # 2012
0.1 1676552.7437 215529.2077 27691.1993 7556.5572 # 2013
0.1 3544284.5545 1492794.7515 140900.9001 17864.7576 # 2014
0.1 955287.6733 1503615.2823 300006.802 26741.152 # 2015
0.1 4280333.9342 823210.24 65600.5205 14024.5119 # 2016
0.1 4293483.5694 761184.6305 45018.8887 9590.1592 # 2017
0.1 1984062.0631 1259350.5147 123551.7792 9109.5125 # 2018
0.1 2285297.1235 1004701.8029 219571.2131 35943.0957 # 2019
0.1 1146591.5216 1002360.2537 95993.3435 11823.9145 # 2020
0.1 616778.2688 337853.4034 21094.1569 4853.5103 # 2021
0.1 2873562.4219 781597.5374 48962.8588 5849.8152 # 2022
0.1 335349.7459 188830.5116 9983.5919 2248.8495 # 2023
0.1 3322579.1591 981393.9015 68543.5048 5193.5212 # 2024

# ---- Q3 IBTS ----
# eff age1 age2 age3plus hashtag years
0.1 6316575.6826 1235521.2055 56531.9825 # 1992
0.1 3110827.8927 2097284.9564 127358.242 # 1993
0.1 8729285.6834 900509.7778 54806.3912 # 1994
0.1 15948151.4417 3968173.5984 246646.3742 # 1995
0.1 1275304.7063 1372490.6036 124610.2499 # 1996
0.1 6815827.21 664552.3216 105512.511 # 1997
0.1 1588388.8193 713396.2394 77511.8115 # 1998
0.1 8114452.5974 949037.2524 49306.2587 # 1999
0.1 4899807.7747 2099202.8702 81103.2926 # 2000
0.1 4617092.887 1707686.6771 130743.9721 # 2001
0.1 4859372.871 828061.2253 63429.8088 # 2002
0.1 5953510.4451 829088.2049 38383.2256 # 2003
0.1 7704228.1776 1112351.0081 71399.3339 # 2004
0.1 28419592.7029 1672933.7131 55459.451 # 2005
0.1 4977176.6945 3206502.1204 84791.6927 # 2006
0.1 5824922.3714 918680.7216 107148.2508 # 2007
0.1 3570766.1149 1131184.3454 67818.9473 # 2008
0.1 19242792.1561 1756316.6266 225194.6945 # 2009
0.1 13804961.6849 5348167.5548 239391.339 # 2010
0.1 6034157.4763 4613219.8276 705320.8791 # 2011
0.1 3827000.7102 2859246.1973 353705.032 # 2012
0.1 3163009.0096 1443440.8451 229500.3496 # 2013
0.1 21784764.9793 1727274.8172 123568.2032 # 2014
0.1 16613609.574 6770510.2064 296608.2602 # 2015
0.1 8764903.6752 1683505.5445 214364.785 # 2016
0.1 9708899.5672 1346569.3932 96925.1556 # 2017
0.1 11488773.9899 1787012.849 125261.6288 # 2018
0.1 15845610.5987 3641292.5719 237003.2215 # 2019
0.1 19743865.8776 5697413.6268 625445.4496 # 2020
0.1 9405748.2286 2406068.6001 218476.0117 # 2021
0.1 12158569.0869 1494277.5666 206695.1258 # 2022
0.1 23789154.8177 4154627.7208 275311.2935 # 2023
0.1 5359005.8382 525711.3166 29914.3049 # 2024

# ---- HERAS ----
# eff age1 age2 age3 hashtag years
0.001 21923.3 21367.9 1413 # 2006
0.001 42861.9 5836.9 2251.9 # 2007
0.001 17188 7867.8 840.2 # 2008
0.001 47689.5 16920.4 2814.9 # 2009
0.001 20328.1 14086.8 1174.3 # 2010
0.001 26581.4 14206.9 3411.9 # 2011
0.001 22035.9 12831.1 4693 # 2012
0.001 9346.5 6341.8 2048.6 # 2013
0.001 59019.5 20273.8 3982.4 # 2014
0.001 27081.8 22676 10141.6 # 2015
0.001 58604.4 33989.2 8160 # 2016
0.001 38135 3664 1465 # 2017
0.001 109180 10113 779 # 2018
0.001 93775 28020 5275 # 2019
0.001 38415.2 17993.1 2055.1 # 2020
0.001 46918.2 7051 1509 # 2021
0.001 60223.6 16199.7 2882.2 # 2022
0.001 48125 18541.5 7015.2 # 2023
0.001 30080 7799.5 695 # 2024
