46 # 1974 1
127 # 1974 2
113 # 1975 1
51 # 1975 2
124 # 1976 1
69 # 1976 2
88 # 1977 1
50 # 1977 2
130 # 1978 1
69 # 1978 2
141 # 1979 1
99 # 1979 2
0 # 1980 1
77 # 1980 2
93 # 1981 1
43 # 1981 2
75 # 1982 1
29 # 1982 2
55 # 1983 1
35 # 1983 2
32 # 1984 1
36 # 1984 2
8 # 1985 1
4 # 1985 2
5 # 1986 1
1 # 1986 2
31 # 1987 1
7 # 1987 2
12 # 1988 1
10 # 1988 2
13 # 1989 1
9 # 1989 2
4 # 1990 1
14 # 1990 2
34 # 1991 1
23 # 1991 2
75 # 1992 1
28 # 1992 2
51 # 1993 1
31 # 1993 2
92 # 1994 1
37 # 1994 2
87 # 1995 1
45 # 1995 2
14 # 1996 1
11 # 1996 2
43 # 1997 1
13 # 1997 2
63 # 1998 1
19 # 1998 2
66 # 1999 1
25 # 1999 2
51 # 2000 1
35 # 2000 2
32 # 2001 1
21 # 2001 2
63 # 2002 1
33 # 2002 2
71 # 2003 1
19 # 2003 2
69 # 2004 1
37 # 2004 2
133 # 2005 1
58 # 2005 2
30 # 2006 1
13 # 2006 2
74 # 2007 1
17 # 2007 2
19 # 2008 1
19 # 2008 2
69 # 2009 1
23 # 2009 2
63 # 2010 1
18 # 2010 2
85 # 2011 1
23 # 2011 2
125 # 2012 1
18 # 2012 2
54 # 2013 1
10 # 2013 2
132 # 2014 1
32 # 2014 2
212 # 2015 1
24 # 2015 2
120 # 2016 1
3 # 2016 2
90 # 2017 1
17 # 2017 2
129 # 2018 1
25 # 2018 2
110 # 2019 1
14 # 2019 2
58 # 2020 1
6 # 2020 2
107 # 2021 1
8 # 2021 2
70 # 2022 1
1 # 2022 2
127 # 2023 1
10 # 2023 2
86 # 2024 1
0 # 2024 2
