0.0616741925 0.8507068814 0.075572819 0.0120461071 # 1974 1
0.2344561675 0.6928394721 0.0708546147 0.0018497457 # 1974 2
0.0300306558 0.7505983884 0.2128680134 0.0065029425 # 1975 1
0.4993513588 0.3592473909 0.1375453428 0.0038559075 # 1975 2
0.1493293707 0.8003778487 0.0474129646 0.0028798161 # 1976 1
0.5949377058 0.3926218909 0.0120482273 0.000392176 # 1976 2
0.1963374587 0.5455975545 0.2540976353 0.0039673515 # 1977 1
0.8623864853 0.0706975144 0.0659845614 0.0009314389 # 1977 2
0.1335646708 0.8348611611 0.0282595893 0.0033145788 # 1978 1
0.7122255289 0.246725157 0.0400637034 0.0009856107 # 1978 2
0.0943050196 0.8600720527 0.0434711212 0.0021518065 # 1979 1
0.636649374 0.3471780525 0.0149746489 0.0011979247 # 1979 2
0 0.440193304 0.5247617797 0.0350449164 # 1980 1
0.4957093501 0.466687369 0.0356776228 0.0019256581 # 1980 2
0.0541493785 0.7410040254 0.1924383928 0.0124082032 # 1981 1
0.1216571353 0.8146543069 0.0621180364 0.0015705214 # 1981 2
0.1060944589 0.7865611505 0.1014628805 0.00588151 # 1982 1
0.8359050828 0.1457944575 0.0172035728 0.0010968868 # 1982 2
0.5868804645 0.2936433047 0.1060023815 0.0134738494 # 1983 1
0.7947586121 0.2028166404 0.0024247475 0 # 1983 2
0.065374164 0.8863990445 0.047733285 0.0004935064 # 1984 1
0.7125127487 0.2867401489 0.0007471024 0 # 1984 2
0.0704216413 0.6408172283 0.2820720228 0.0066891076 # 1985 1
0.239830736 0.738858164 0.0213111 0 # 1985 2
0.1841055168 0.3239223957 0.4871048235 0.004867264 # 1986 1
0.9256170118 0.0737643129 0.0006186753 0 # 1986 2
0.0168907189 0.9087957989 0.073924389 0.0003890933 # 1987 1
0.2162344161 0.728951718 0.0347247951 0.0200890708 # 1987 2
0.5090349417 0.2035642165 0.2836262462 0.0037745956 # 1988 1
0.7222361205 0.2523757139 0.0233079889 0.0020801768 # 1988 2
0.0028747119 0.3587749911 0.637620124 0.0007301729 # 1989 1
0.5358502064 0.435820013 0.0183119673 0.0100178133 # 1989 2
0.000374329 0.5356641361 0.4196619128 0.0442996222 # 1990 1
0.8277977205 0.1645005826 0.0063131472 0.0013885497 # 1990 2
0.1810687622 0.5114438246 0.305756481 0.0017309321 # 1991 1
0.8839067923 0.1137995841 0.0020658248 0.0002277988 # 1991 2
0.0240394623 0.8680101063 0.0950614219 0.0128890096 # 1992 1
0.4774912627 0.4602472342 0.0609249373 0.0013365658 # 1992 2
0.1048139683 0.5011658452 0.3230268325 0.070993354 # 1993 1
0.7626762246 0.2068661611 0.027784385 0.0026732293 # 1993 2
0.0731398016 0.8898036637 0.0331047606 0.0039517741 # 1994 1
0.4819010688 0.4558534495 0.0603841158 0.0018613659 # 1994 2
0.023656263 0.8389563932 0.1210705572 0.0163167867 # 1995 1
0.2827968174 0.6454064305 0.0601144227 0.0116823295 # 1995 2
0.2185463508 0.1952070325 0.4372923482 0.1489542685 # 1996 1
0.7740589931 0.1188846788 0.0824835233 0.0245728049 # 1996 2
0.0251340581 0.8178654904 0.1119272281 0.0450732234 # 1997 1
0.417483757 0.464690696 0.0977173899 0.0201081571 # 1997 2
0.374435909 0.438164616 0.1626358259 0.0247636491 # 1998 1
0.520760598 0.2994641987 0.1200546924 0.0597205109 # 1998 2
0.0070746393 0.96179771 0.0284715404 0.0026561103 # 1999 1
0.3578531849 0.5301182062 0.0897776766 0.0222509323 # 1999 2
0.0079291185 0.8638162652 0.1219238607 0.0063307555 # 2000 1
0.4524380823 0.3865510022 0.1441862354 0.01682468 # 2000 2
0.0567685926 0.7848759838 0.1278179385 0.0305374852 # 2001 1
0.282235438 0.6528529065 0.0537568571 0.0111547984 # 2001 2
0.0900192801 0.8381709922 0.0637375143 0.0080722134 # 2002 1
0.4625900599 0.4239295751 0.094271809 0.019208556 # 2002 2
0.1991691582 0.7016750056 0.0856423104 0.0135135258 # 2003 1
0.8894820773 0.0481529228 0.0351016495 0.0272633504 # 2003 2
0.751409944 0.2246617641 0.0212414791 0.0026868127 # 2004 1
0.9470634781 0.0453550179 0.0056158797 0.0019656243 # 2004 2
0.0479017136 0.9257046738 0.022760803 0.0036328096 # 2005 1
0.1891011172 0.7791622465 0.0275025728 0.0042340636 # 2005 2
0.0649190254 0.4733862502 0.3916605275 0.070034197 # 2006 1
0.3782121501 0.2741603804 0.3271591787 0.0204682908 # 2006 2
0.0887323417 0.7003529019 0.1845417271 0.0263730294 # 2007 1
0.5836910818 0.3707415091 0.0213997136 0.0241676955 # 2007 2
0.3072008063 0.3233319486 0.3072132798 0.0622539653 # 2008 1
0.8297089606 0.1079318427 0.0493299739 0.0130292228 # 2008 2
0.0214515239 0.9283772855 0.0416477335 0.0085234571 # 2009 1
0.0715813289 0.8094999378 0.1032772111 0.0156415222 # 2009 2
0.0418112757 0.4813455216 0.3060059053 0.1708372974 # 2010 1
0.1174490666 0.7107245466 0.1498846188 0.0219417679 # 2010 2
0.0433131291 0.5939918354 0.2886940916 0.0740009439 # 2011 1
0.1672283606 0.5790125943 0.1802276957 0.0735313494 # 2011 2
0.0236704334 0.734083827 0.2136356398 0.0286100998 # 2012 1
0.1643926886 0.6793839983 0.1119158865 0.0443074266 # 2012 2
0.085500329 0.7687946342 0.1340061456 0.0116988912 # 2013 1
0.9767590426 0.0078321778 0.0074465514 0.0079622282 # 2013 2
0.0806357308 0.8700027331 0.0462744836 0.0030870525 # 2014 1
0.6552257195 0.3242057663 0.0186094996 0.0019590146 # 2014 2
0.0153051618 0.8540500631 0.1216294403 0.0090153347 # 2015 1
0.1529065915 0.6349216057 0.1906884557 0.0214833471 # 2015 2
0.2767246362 0.5368002786 0.1688160873 0.0176589979 # 2016 1
0.9281062648 0.0601488992 0.0098502797 0.0018945562 # 2016 2
0.1409349568 0.8063843304 0.045503274 0.0071774388 # 2017 1
0.7192218839 0.2457890847 0.0251575703 0.0098314611 # 2017 2
0.2991059904 0.5501990149 0.1334477995 0.0172471952 # 2018 1
0.3055657705 0.5840424683 0.1048980028 0.0054937584 # 2018 2
0.1961373889 0.6185295323 0.1748560835 0.0104769952 # 2019 1
0.9305129298 0.0669677376 0.0023677269 0.0001516057 # 2019 2
0.0433355122 0.744494054 0.1896514492 0.0225189845 # 2020 1
0.287972118 0.644711855 0.0554117929 0.011904234 # 2020 2
0.1148706844 0.6910374485 0.1642438657 0.0298480013 # 2021 1
0.9000358125 0.0947228946 0.0052012582 4.00347e-05 # 2021 2
0.1712435078 0.7134371908 0.1011025225 0.0142167789 # 2022 1
0.7689558964 0.2158728663 0.0127596951 0.0024115421 # 2022 2
0.1158432722 0.6624447065 0.2106927187 0.0110193027 # 2023 1
0.8278960626 0.1515169097 0.0197275636 0.0008594641 # 2023 2
0.7251640719 0.2221709115 0.0483882918 0.0042767247 # 2024 1
NA NA NA NA # 2024 2
