300265.38096 # 1974 1
163112.39389 # 1974 2
578687.60611 # 1975 1
149589.32537 # 1975 2
530710.67463 # 1976 1
81666.140589 # 1976 2
289733.85941 # 1977 1
99583.846415 # 1977 2
353302.01659 # 1978 1
103378.52631 # 1978 2
366764.72269 # 1979 1
87715.763569 # 1979 2
311196.61743 # 1980 1
60910.211604 # 1980 2
216096.2984 # 1981 1
46750.784948 # 1981 2
141293.76505 # 1982 1
13834.994601 # 1982 2
96014.578399 # 1983 1
14036.066524 # 1983 2
93056.578476 # 1984 1
13538.720548 # 1984 2
49741.298452 # 1985 1
5199.2783285 # 1985 2
17529.406672 # 1986 1
7412.3246457 # 1986 2
34561.087354 # 1987 1
18499.838166 # 1987 2
75649.968834 # 1988 1
21025.082528 # 1988 2
50144.038472 # 1989 1
6478.94731 # 1989 2
72462.01769 # 1990 1
2313.856658 # 1990 2
117955.68934 # 1991 1
5221.8583956 # 1991 2
123159.3716 # 1992 1
28691.707821 # 1992 2
173667.90218 # 1993 1
46825.121201 # 1993 2
367229.5948 # 1994 1
53829.131629 # 1994 2
354321.74237 # 1995 1
76441.948204 # 1995 2
76029.310796 # 1996 1
9676.3018503 # 1996 2
107204.14115 # 1997 1
15916.893089 # 1997 2
163448.47591 # 1998 1
22021.437745 # 1998 2
189145.77226 # 1999 1
49592.162455 # 1999 2
162457.87054 # 2000 1
61674.061447 # 2000 2
133934.82955 # 2001 1
11016.854713 # 2001 2
147498.37529 # 2002 1
23585.477549 # 2002 2
167406.59245 # 2003 1
5712.0641892 # 2003 2
206704.67581 # 2004 1
26627.545105 # 2004 2
216420.67489 # 2005 1
52206.344853 # 2005 2
71676.629147 # 2006 1
4573.124247 # 2006 2
92189.378753 # 2007 1
5405.1971593 # 2007 2
63584.552841 # 2008 1
7562.3903345 # 2008 2
133469.43467 # 2009 1
37318.212394 # 2009 2
115756.18761 # 2010 1
28712.194417 # 2010 2
113815.84558 # 2011 1
8355.574049 # 2011 2
86401.499951 # 2012 1
5337.0976911 # 2012 2
58687.843309 # 2013 1
13562.837115 # 2013 2
144510.35788 # 2014 1
49689.706067 # 2014 2
253070.39993 # 2015 1
35566.097994 # 2015 2
212544.24301 # 2016 1
6137.8815648 # 2016 2
123908.06844 # 2017 1
21669.408379 # 2017 2
168584.34062 # 2018 1
14409.580642 # 2018 2
130518.36936 # 2019 1
21259.347124 # 2019 2
160531.86288 # 2020 1
1151.0247384 # 2020 2
79228.811262 # 2021 1
20100.832717 # 2021 2
70002.267283 # 2022 1
901.4050773 # 2022 2
90459.394923 # 2023 1
7836.8918095 # 2023 2
77034.653191 # 2024 1
0 # 2024 2
