North Sea sprat IBTS Q1 - Delta-GAM; Last age is plus group, calculated 2025-09-02 18:20:03 
1983 2025 
1 1  0.1001172 0.1001172 
1 4 
1 115893.2737 312000.38 179703.3336 13477.0879
1 250021.8574 270213.6516 44932.908 9682.004
1 141547.8309 123641.2149 27356.9093 6280.882
1 34960.3388 56012.1944 21288.4985 3109.4767
1 150718.5117 40431.2686 12914.9094 4583.4657
1 87566.3438 368388.8136 35019.4489 7672.1704
1 264701.2022 65292.1999 51401.7033 5233.8263
1 150121.0573 93368.6352 23266.3215 10803.1471
1 640672.8727 101046.721 18613.3248 4231.6836
1 950830.0318 153597.8064 22072.7315 6115.1529
1 670648.1562 647345.2995 48942.6282 6549.3884
1 562861.9492 579239.1506 76553.1871 5750.4755
1 843152.2947 1462601.6758 168383.7886 5315.6901
1 288354.4776 546047.6015 136862.8911 19785.3873
1 320341.0375 97710.7733 84228.2164 16596.326
1 506827.6193 526667.7116 77939.5884 9267.512
1 2478774.0119 330268.659 44249.2455 4479.2712
1 923997.7848 630197.7177 86842.4555 15200.2484
1 934386.4189 650493.0154 120852.9152 8488.8962
1 545665.4601 473411.7828 38686.6332 5148.2002
1 1081999.4118 316476.455 35329.7134 3548.228
1 1895401.4357 350519.8436 57479.7427 5445.8551
1 4468571.0129 325220.4617 19027.1447 1488.78
1 571247.4023 676431.209 28527.6163 3037.8221
1 882284.2932 483314.4187 81668.2831 6379.4559
1 639176.6154 353962.9931 23005.9027 4284.5578
1 1950124.3111 152537.3501 15094.2632 2420.4643
1 1465694.0561 915599.0144 42409.2851 7873.575
1 501117.3848 428980.5203 100836.0166 24012.3842
1 1345966.1555 1380719.8196 125782.449 22466.388
1 467472.3555 524334.1331 109625.4444 20634.7846
1 1621740.7133 206797.9438 26675.5129 7297.8444
1 3433416.1664 1443491.7424 137089.6481 17163.3145
1 931803.6397 1477731.6038 296756.9635 26006.0902
1 4116891.2764 789065.9933 63180.6948 13458.3962
1 4112728.0387 725287.5366 43104.6075 9110.1681
1 1889002.8998 1196901.3371 118082.6566 8536.9994
1 2207533.3364 968071.6638 212733.6846 33784.1908
1 1121104.834 975714.8245 93965.7828 11132.091
1 607209.5289 331342.4136 20763.8833 4580.6019
1 2798460.9032 758106.5204 47598.0034 5431.4447
1 323177.0694 181595.7319 9644.7076 2053.1042
1 3236271.4519 952489.8117 66866.7442 4846.3715
