North Sea sprat IBTS Q3 - Delta-GAM; Last age is plus group, calculated 2025-09-02 18:20:03 
1992 2024 
1 1  0.6343687 0.6343687 
0 4 
1 53054.1528 6470839.1577 1286426.3681 50970.7195 7579.6686
1 16861.5009 3154424.5896 2168769.5849 124067.9273 6088.4795
1 39449.3239 8895464.682 934495.2355 55660.3677 706.4309
1 172.0023 16119193.3508 4069046.8926 239578.189 11092.2689
1 19328.5729 1293359.7088 1395112.9318 119521.5878 7469.4418
1 143195.583 6907079.3341 667593.8989 101863.6155 5255.445
1 98896.5441 1594603.4004 709202.5232 70906.4147 6670.1969
1 201457.4516 8287706.9859 958666.3551 45384.5113 4770.2632
1 51895.5052 4909284.0723 2073524.0152 75666.7751 4923.8258
1 21053.6827 4649549.3577 1698634.4988 129182.5177 1542.0005
1 62741.3174 4907740.8098 825344.5383 57035.1151 6832.7024
1 168522.7186 5952812.6257 822857.7372 36110.5538 2244.702
1 972628.7139 7823568.0407 1119387.9157 66629.5515 5646.9224
1 29771.9996 28594927.7147 1674812.8906 51159.2155 4827.285
1 1427.4723 4995848.5844 3203070.6573 82378.9316 3047.3789
1 105679.7196 5863483.3457 921798.173 102517.2706 5880.875
1 270540.2699 3637092.963 1155873.9689 56438.2553 12766.0954
1 112366.2363 19599072.0565 1781931.7129 217309.5225 11274.3283
1 173167.6556 13943551.7234 5394715.6559 212371.7193 29449.9654
1 17841.1661 6209618.7671 4730732.7884 685290.2154 35544.6284
1 22939.3583 3936564.0608 2913210.0831 317563.9559 39776.223
1 257922.0654 3327429.3355 1528043.2676 212658.2334 27602.427
1 670844.8065 23052418.1974 1825537.2274 118321.0137 10418.4204
1 35052.017 21885486.0888 8958544.4795 371405.7984 16041.9228
1 384458.379 11922437.8915 2295371.5874 270839.2386 15356.0805
1 167748.4884 10153535.8613 1395965.049 89367.9676 9895.355
1 302130.4506 11650108.717 1805346.5757 105613.1702 19274.5219
1 270000.5706 16133455.4886 3688128.8948 218997.5134 20176.1894
1 363569.366 20257088.6776 5814964.6659 587002.4045 52893.8398
1 375642.5848 9984791.5838 2579345.9625 216790.2333 16985.7839
1 1384014.9848 12973216.3018 1594773.2973 201270.5457 19642.813
1 372982.1946 25223761.9209 4413213.7311 253355.5148 40905.0975
1 2117806.8273 5500951.3158 544952.2584 27925.3433 3231.7772
