0 18667057.268 2034808.8887 418171.34627 # 1974 1
2039891.4669 11580247.572 694865.86453 27882.524563 # 1974 2
3175848.8141 11011217.686 1091753.4602 25754.99236 # 1974 3
0 0 0 0 # 1974 4
295093.05737 28952449.543 8848741.0284 190889.07616 # 1975 1
1367252.8322 15066019.446 3652856.407 180546.08871 # 1975 2
5464184.9911 4828825.8065 1923922.9164 51935.487765 # 1975 3
0 0 0 0 # 1975 4
2632882.7615 42301707.907 2338418.3956 149598.17498 # 1976 1
8098309.8673 18478138.701 1259221.509 68461.069536 # 1976 2
7937962.9257 6751324.1002 208981.08385 6420.7992618 # 1976 3
0 0 0 0 # 1976 4
3183017.5106 12747886.569 4755572.3303 81352.867856 # 1977 1
2892246.9245 4911455.6819 3321205.7865 46607.780765 # 1977 2
15813157.805 1979010.7899 1974566.7304 27789.711416 # 1977 3
0 0 0 0 # 1977 4
598139.67526 31905567.472 346302.43614 71598.394259 # 1978 1
5663936.2431 10302378.244 1006015.2815 91712.208307 # 1978 2
6308362.0865 4864307.5036 948151.04968 22334.175825 # 1978 3
0 0 0 0 # 1978 4
4169242.1991 36077290.312 448735.58715 73600.932119 # 1979 1
1152175.0829 11464465.512 1808182.5811 44068.693366 # 1979 2
3953588.0077 6192948.7006 254361.747 20758.427354 # 1979 3
0 0 0 0 # 1979 4
0 14287585.102 17032468.503 1137471.2434 # 1980 1
0 9448241.0629 11263405.758 752198.66986 # 1980 2
2612214.2716 3668992.9303 313466.47958 6380.77901 # 1980 3
0 0 0 0 # 1980 4
555333.09171 12054686.024 1231606.4901 101151.45022 # 1981 1
555330.16316 3693713.3758 2644826.3351 150774.69903 # 1981 2
419329.30278 3763076.3579 243929.25065 5362.6194075 # 1981 3
0 0 0 0 # 1981 4
608746.36552 6184530.8888 515484.26279 44558.213758 # 1982 1
899798.26948 4923936.2314 908841.38169 40430.715553 # 1982 2
2464874.0347 349951.55466 36643.071127 2850.5826702 # 1982 3
0 0 0 0 # 1982 4
5559451.5312 2596831.1759 883726.72449 105762.25786 # 1983 1
2313687.5679 1315381.601 500360.91588 71153.771016 # 1983 2
1659745.0681 520424.42442 5210.2464091 0 # 1983 3
0 0 0 0 # 1983 4
134115.70901 6985776.8476 330637.10341 1850.7550283 # 1984 1
541419.17448 2419580.6439 177891.45021 3326.4903483 # 1984 2
1436410.5696 783066.86969 316.0829028 0 # 1984 3
0 0 0 0 # 1984 4
175571.0422 1597647.3503 703245.16858 16676.884715 # 1985 1
77526.22178 705466.9224 310529.23205 7363.9470768 # 1985 2
63692.394463 196220.24442 5659.6373259 0 # 1985 3
0 0 0 0 # 1985 4
130693.31492 229946.89358 345787.2703 3455.1863333 # 1986 1
115353.12661 202956.77053 305200.32943 3049.6322385 # 1986 2
530914.30924 42309.647228 354.85903486 0 # 1986 3
0 0 0 0 # 1986 4
3696.7804879 2045772.4703 87821.369586 715.94940673 # 1987 1
60558.481808 1627098.3984 202374.58428 825.67351071 # 1987 2
233960.63792 788708.90222 37571.425331 21735.910016 # 1987 3
0 0 0 0 # 1987 4
4310377.6707 1932014.8849 2594219.3719 31958.703645 # 1988 1
1192767.751 286513.33466 488508.75493 8847.9086918 # 1988 2
1829278.5466 636926.29035 57066.669554 5295.1696742 # 1988 3
0 0 0 0 # 1988 4
14722.417934 1857120.3159 3336475.7104 3753.1835841 # 1989 1
926.27630548 80910.592344 80464.366641 211.1383723 # 1989 2
479954.7555 389828.65903 16075.568087 8855.1778687 # 1989 3
0 0 0 0 # 1989 4
1868.8737072 2674355.3199 2095202.9328 221170.17414 # 1990 1
1460.7363017 2090311.338 1637638.205 172869.52081 # 1990 2
282754.10863 54868.647598 1978.7740442 453.28051052 # 1990 3
0 0 0 0 # 1990 4
43669.560782 1644180.9139 2265705.5365 7396.2846455 # 1991 1
1551975.4005 2874668.1335 445765.13124 7911.5550402 # 1991 2
204887.13904 55076.111601 944.87946695 95.294818565 # 1991 3
0 0 0 0 # 1991 4
43863.116944 9469764.8553 1047077.7045 134409.17838 # 1992 1
242670.84301 1116534.8272 110629.51389 21526.78495 # 1992 2
1320871.9656 1499645.8861 201615.39786 4457.6256586 # 1992 3
0 0 0 0 # 1992 4
258508.41287 3115263.0801 4083215.4571 1125674.8507 # 1993 1
1439457.8603 4853824.4891 1142084.3174 21226.38156 # 1993 2
1918805.4878 1812441.1821 291117.03211 27907.125644 # 1993 3
0 0 0 0 # 1993 4
1091804.5842 39982470.635 417874.42912 85871.856911 # 1994 1
2623834.0299 7019544.7029 1236280.9336 117231.24749 # 1994 2
855922.25427 2923604.9627 494008.90028 16568.752138 # 1994 3
0 0 0 0 # 1994 4
222116.53851 25037443.197 2381890.0021 249115.78266 # 1995 1
684483.63689 8993460.7045 2408595.4693 376228.52568 # 1995 2
1968684.5496 4395073.6835 409759.32531 78683.506575 # 1995 3
0 0 0 0 # 1995 4
303550.83358 289420.93977 789647.53337 230734.20387 # 1996 1
1098797.8233 972000.39802 2104381.9262 736580.66443 # 1996 2
1664700.6567 275835.29741 99324.998086 42484.718786 # 1996 3
0 0 0 0 # 1996 4
7798.62396 2324823.075 96924.745849 145790.75691 # 1997 1
199517.80486 4523095.6484 829512.12493 232830.92483 # 1997 2
623098.3847 715090.22258 154021.2887 31774.184598 # 1997 3
0 0 0 0 # 1997 4
117207.99813 3846097.6852 1166075.3853 182657.35277 # 1998 1
5468124.6199 2752127.7812 1301932.485 199753.17868 # 1998 2
1756268.456 1010561.0248 410072.1408 203700.43486 # 1998 3
0 0 0 0 # 1998 4
951.6347414 15829415.862 334569.84083 20764.655348 # 1999 1
132004.80372 2428382.8863 204563.45007 29394.17021 # 1999 2
2198833.4882 3205492.9335 533780.44965 128371.47266 # 1999 3
0 0 0 0 # 1999 4
7129.3148148 10125465.734 1264271.4228 50764.537922 # 2000 1
93074.991084 886202.73334 296083.34382 30642.93772 # 2000 2
1217953.9702 2864768.9047 1078598.9544 125958.61396 # 2000 3
0 0 0 0 # 2000 4
18132.68467 5707534.7853 257845.09511 7171.5936145 # 2001 1
645990.65339 4157334.1154 1270909.3443 350288.54726 # 2001 2
165280.21083 517000.13923 42864.785198 8965.8467485 # 2001 3
0 0 0 0 # 2001 4
117217.56643 6617405.3975 412491.83435 72039.159061 # 2002 1
1045502.2587 4365079.7355 431238.49767 37181.27457 # 2002 2
1261519.197 1154862.7887 246611.24769 52929.569634 # 2002 3
0 0 0 0 # 2002 4
208156.43345 4054045.3911 472381.09185 61070.501403 # 2003 1
2898719.0253 6949574.513 871393.15371 151467.59321 # 2003 2
708242.22604 37614.350609 26858.30115 22010.214167 # 2003 3
0 0 0 0 # 2003 4
284216.0419 4285393.3638 537919.65789 55093.3723 # 2004 1
25555067.892 3535559.3858 197616.16744 39503.521112 # 2004 2
5168679.0415 273483.47581 37312.793633 12385.987821 # 2004 3
0 0 0 0 # 2004 4
122876.73265 13268339.032 334136.03044 69017.411462 # 2005 1
934600.41186 7683051.2721 185482.90853 14730.493818 # 2005 2
1240831.5516 5192046.607 182132.95847 27860.161692 # 2005 3
0 0 0 0 # 2005 4
0 2118909.1666 1284082.3982 214009.02798 # 2006 1
362401.26 540383.61584 930560.92306 181283.05045 # 2006 2
182259.46701 131127.23419 157006.48716 9821.7398203 # 2006 3
0 0 0 0 # 2006 4
0 1696080.877 152300.17865 48451.542169 # 2007 1
750664.47607 4251325.2986 1410968.9091 175312.66392 # 2007 2
449345.68627 279332.24779 15627.6812 17151.057161 # 2007 3
0 0 0 0 # 2007 4
13335.289079 481913.12049 1416454.6047 261951.16813 # 2008 1
2225085.4574 1887109.2115 861228.4042 198900.31156 # 2008 2
898526.96949 92318.620675 70476.124275 18081.331147 # 2008 3
0 0 0 0 # 2008 4
0 4815185.8787 149846.8256 25992.634903 # 2009 1
294264.44097 8185051.1124 432942.19493 93850.359964 # 2009 2
208310.9839 3445548.9987 417619.20565 63517.354859 # 2009 3
0 0 0 0 # 2009 4
23696.889877 1873661.6515 534232.56203 72274.827093 # 2010 1
423125.47226 3532039.9987 2857611.207 1764100.1484 # 2010 2
320386.46444 2519551.0175 535504.69144 68815.78572 # 2010 3
0 0 0 0 # 2010 4
4197.7237459 2173316.5351 896533.64383 155995.73357 # 2011 1
492540.21738 4828118.9898 2480115.3741 704204.50429 # 2011 2
69195.749152 277801.08011 89518.297985 34680.30441 # 2011 3
0 0 0 0 # 2011 4
11662.690852 2822749.4315 564281.76604 86789.857948 # 2012 1
200599.61882 4025635.2328 1404180.408 181658.01546 # 2012 2
108685.86328 449224.44214 69883.159961 25831.422037 # 2012 3
0 0 0 0 # 2012 4
15063.943028 2138419.1018 240982.75607 21165.676532 # 2013 1
490344.66902 2441273.4317 555314.44929 48272.137087 # 2013 2
193873.75212 2267.3762911 3127.3456172 4945.6191226 # 2013 3
0 0 0 0 # 2013 4
431987.09153 11185348.675 611531.51749 37744.381449 # 2014 1
919620.51859 4533697.1903 212718.66376 15579.140331 # 2014 2
2130699.1722 2176229.9223 123794.98819 13169.086235 # 2014 3
0 0 0 0 # 2014 4
185777.4388 15002176.399 2357225.1363 94503.685087 # 2015 1
270642.43696 11562054.844 1317203.8678 170884.30534 # 2015 2
432683.6586 2003254.8592 620710.44884 60772.534544 # 2015 3
0 0 0 0 # 2015 4
3773522.3854 13299888.8 3507939.7869 271137.04571 # 2016 1
3699732.0908 1552604.7585 1167415.2704 210514.10986 # 2016 2
535815.19189 34725.219734 5686.7728769 1093.7669891 # 2016 3
0 0 0 0 # 2016 4
819519.58582 10139030.145 571008.25515 54466.766182 # 2017 1
1415986.0005 2740179.3273 154899.20252 59560.01889 # 2017 2
674634.82418 860338.84932 91443.861739 36426.305907 # 2017 3
0 0 0 0 # 2017 4
5376525.548 11863589.384 2269246.5467 158812.78792 # 2018 1
2366344.3552 3186050.5755 1269651.5183 288461.62572 # 2018 2
205312.69681 1097861.0285 187892.3626 11947.834609 # 2018 3
0 0 0 0 # 2018 4
2852513.3368 10011734.073 2575076.4074 102763.46512 # 2019 1
989477.4069 2347385.4771 895571.21706 102802.92778 # 2019 2
217615.62933 31151.501189 2606.9285951 268.32669727 # 2019 3
0 0 0 0 # 2019 4
344718.99497 10704664.436 2857480.7258 303369.51058 # 2020 1
376500.79914 2468004.6172 428752.81056 78689.622056 # 2020 2
33719.724559 75491.704981 6488.3725855 1393.910965 # 2020 3
0 0 0 0 # 2020 4
799611.00959 5894144.7476 1244475.5666 185955.80691 # 2021 1
310395.49397 807562.94431 344759.92931 102701.97532 # 2021 2
61500.62792 8034.8452486 431.96328486 7.8156192485 # 2021 3
0 0 0 0 # 2021 4
619566.40489 7157814.0387 626320.05444 40589.501647 # 2022 1
877440.63709 285960.68853 328489.8578 80591.0313 # 2022 2
11139.377303 3127.2135615 184.84162615 34.934484316 # 2022 3
0 0 0 0 # 2022 4
717639.13829 5208071.3395 1632377.9873 64814.58964 # 2023 1
448147.94683 1480549.0582 492367.83194 46210.026083 # 2023 2
179167.6915 59459.772594 15200.777624 372.29781346 # 2023 3
0 0 0 0 # 2023 4
7678128.143 2699708.7787 669869.19111 56895.311902 # 2024 1
2676157.4003 467296.09078 31466.934816 5109.2983419 # 2024 2
0 0 0 0 # 2024 3
0 0 0 0 # 2024 4
