      #mav0    mav1    mav2    mav3    Year    Quarter        
00.453333333          0.435          0.42          0.397333333          #          1974          1          
0.364          0.215666667          0.190333333          0.163          #          1974          2          
0.249333333          0.215333333          0.168          0.168          #          1974          3          
0.328333333          0.292333333          0.264          0.264          #          1974          4          
0.453333333          0.435          0.42          0.397333333          #          1975          1          
0.364          0.215666667          0.190333333          0.163          #          1975          2          
0.263333333          0.228666667          0.172333333          0.172333333          #          1975          3          
0.343333333          0.322666667          0.298666667          0.298666667          #          1975          4          
0.425          0.407666667          0.391666667          0.377          #          1976          1          
0.372          0.228          0.208666667          0.18          #          1976          2          
0.289          0.250333333          0.190666667          0.190666667          #          1976          3          
0.343          0.323666667          0.298333333          0.298333333          #          1976          4          
0.368666667          0.351333333          0.329          0.320666667          #          1977          1          
0.379333333          0.231          0.211666667          0.183333333          #          1977          2          
0.294          0.279666667          0.219          0.219          #          1977          3          
0.334          0.317          0.299333333          0.299333333          #          1977          4          
0.323          0.333          0.309666667          0.297666667          #          1978          1          
0.345333333          0.213666667          0.205333333          0.180666667          #          1978          2          
0.283666667          0.270333333          0.212333333          0.212333333          #          1978          3          
0.303666667          0.278          0.260333333          0.260333333          #          1978          4          
0.345333333          0.365          0.335666667          0.327          #          1979          1          
0.368          0.276666667          0.237          0.216333333          #          1979          2          
0.297333333          0.277333333          0.225666667          0.225666667          #          1979          3          
0.308666667          0.291666667          0.273666667          0.273666667          #          1979          4          
0.373333333          0.386666667          0.364666667          0.356          #          1980          1          
0.394          0.29          0.257666667          0.222666667          #          1980          2          
0.291666667          0.270333333          0.204333333          0.204333333          #          1980          3          
0.308333333          0.289          0.253666667          0.253666667          #          1980          4          
0.400666667          0.405          0.384333333          0.355333333          #          1981          1          
0.363666667          0.296333333          0.264666667          0.218          #          1981          2          
0.277          0.245666667          0.188666667          0.188666667          #          1981          3          
0.291          0.269666667          0.221333333          0.221333333          #          1981          4          
0.401666667          0.388333333          0.376          0.326666667          #          1982          1          
0.301333333          0.222666667          0.209666667          0.162666667          #          1982          2          
0.223666667          0.199          0.153333333          0.153333333          #          1982          3          
0.253666667          0.220333333          0.177333333          0.177333333          #          1982          4          
0.414333333          0.398333333          0.388          0.333333333          #          1983          1          
0.296666667          0.223666667          0.198          0.168          #          1983          2          
0.213666667          0.177333333          0.135666667          0.135666667          #          1983          3          
0.233666667          0.199          0.154333333          0.154333333          #          1983          4          
0.424333333          0.402666667          0.399          0.342          #          1984          1          
0.333          0.229333333          0.200666667          0.173          #          1984          2          
0.228333333          0.199666667          0.139333333          0.139333333          #          1984          3          
0.241          0.209666667          0.171333333          0.171333333          #          1984          4          
0.451333333          0.436666667          0.430333333          0.388          #          1985          1          
0.405          0.304          0.251333333          0.214333333          #          1985          2          
0.242333333          0.197333333          0.139          0.139          #          1985          3          
0.248          0.212333333          0.151333333          0.151333333          #          1985          4          
0.477666667          0.47          0.458333333          0.412333333          #          1986          1          
0.431          0.331          0.287          0.235666667          #          1986          2          
0.262666667          0.207333333          0.148333333          0.148333333          #          1986          3          
0.268666667          0.223          0.148333333          0.148333333          #          1986          4          
0.500666667          0.491666667          0.481          0.426333333          #          1987          1          
0.461666667          0.345666667          0.304666667          0.250666667          #          1987          2          
0.273          0.192666667          0.165333333          0.165333333          #          1987          3          
0.276666667          0.222333333          0.161          0.161          #          1987          4          
0.522666667          0.504333333          0.492666667          0.416666667          #          1988          1          
0.468666667          0.328333333          0.313666667          0.275333333          #          1988          2          
0.286333333          0.207333333          0.185          0.185          #          1988          3          
0.289666667          0.234          0.193          0.193          #          1988          4          
0.517666667          0.501333333          0.488333333          0.411333333          #          1989          1          
0.453666667          0.332666667          0.309666667          0.285666667          #          1989          2          
0.285666667          0.225333333          0.201666667          0.201666667          #          1989          3          
0.296333333          0.253          0.234          0.234          #          1989          4          
0.492          0.482666667          0.462666667          0.418666667          #          1990          1          
0.441666667          0.329          0.294          0.285          #          1990          2          
0.273          0.243          0.213333333          0.213333333          #          1990          3          
0.299333333          0.261666667          0.238          0.238          #          1990          4          
0.458          0.453          0.437333333          0.417666667          #          1991          1          
0.406          0.291666667          0.267333333          0.248          #          1991          2          
0.262666667          0.252666667          0.208          0.208          #          1991          3          
0.301333333          0.271666667          0.247333333          0.247333333          #          1991          4          
0.428333333          0.417333333          0.408666667          0.399          #          1992          1          
0.367666667          0.255666667          0.243          0.213          #          1992          2          
0.252666667          0.243666667          0.195333333          0.195333333          #          1992          3          
0.285333333          0.256          0.235          0.235          #          1992          4          
0.413333333          0.410333333          0.400666667          0.388666667          #          1993          1          
0.299666667          0.231          0.229666667          0.205333333          #          1993          2          
0.241666667          0.23          0.183333333          0.183333333          #          1993          3          
0.270666667          0.242          0.219666667          0.219666667          #          1993          4          
0.448666667          0.423333333          0.405666667          0.401333333          #          1994          1          
0.312666667          0.243          0.233          0.219333333          #          1994          2          
0.236333333          0.218666667          0.183333333          0.183333333          #          1994          3          
0.261333333          0.224333333          0.206333333          0.206333333          #          1994          4          
0.454333333          0.427666667          0.41          0.395333333          #          1995          1          
0.316          0.243333333          0.233          0.219333333          #          1995          2          
0.210666667          0.198          0.172666667          0.172666667          #          1995          3          
0.246          0.201666667          0.179333333          0.179333333          #          1995          4          
0.460666667          0.416          0.398333333          0.367          #          1996          1          
0.389333333          0.258          0.247          0.217          #          1996          2          
0.210666667          0.182666667          0.152666667          0.152666667          #          1996          3          
0.238          0.186666667          0.152          0.152          #          1996          4          
0.423666667          0.385333333          0.369          0.337666667          #          1997          1          
0.378          0.238          0.235666667          0.188          #          1997          2          
0.207          0.188666667          0.147333333          0.147333333          #          1997          3          
0.245          0.202666667          0.162333333          0.162333333          #          1997          4          
0.411666667          0.375666667          0.353333333          0.332333333          #          1998          1          
0.403          0.231333333          0.229          0.190666667          #          1998          2          
0.223666667          0.2          0.162          0.162          #          1998          3          
0.256333333          0.221          0.181          0.181          #          1998          4          
0.405          0.368          0.353666667          0.346666667          #          1999          1          
0.339333333          0.226333333          0.225333333          0.203666667          #          1999          2          
0.232333333          0.226666667          0.192666667          0.192666667          #          1999          3          
0.275666667          0.244666667          0.211666667          0.211666667          #          1999          4          
0.39          0.364333333          0.358333333          0.344666667          #          2000          1          
0.352666667          0.237          0.235          0.222333333          #          2000          2          
0.215666667          0.200666667          0.184          0.184          #          2000          3          
0.243666667          0.208          0.171          0.171          #          2000          4          
0.392333333          0.360666667          0.36          0.335666667          #          2001          1          
0.338          0.250666667          0.249666667          0.238333333          #          2001          2          
0.22          0.211333333          0.189666667          0.189666667          #          2001          3          
0.261666667          0.226333333          0.187333333          0.187333333          #          2001          4          
0.401          0.367666667          0.367          0.319666667          #          2002          1          
0.357333333          0.253666667          0.251666667          0.241666667          #          2002          2          
0.21          0.195333333          0.168333333          0.168333333          #          2002          3          
0.254          0.212333333          0.183333333          0.183333333          #          2002          4          
0.386666667          0.354333333          0.353666667          0.313          #          2003          1          
0.33          0.252          0.239666667          0.239666667          #          2003          2          
0.230666667          0.213333333          0.190666667          0.190666667          #          2003          3          
0.302          0.259          0.235          0.235          #          2003          4          
0.391          0.369666667          0.360666667          0.330666667          #          2004          1          
0.306333333          0.239333333          0.225666667          0.225666667          #          2004          2          
0.214          0.197          0.184          0.184          #          2004          3          
0.295          0.252333333          0.231          0.231          #          2004          4          
0.402333333          0.384          0.374666667          0.374666667          #          2005          1          
0.313          0.249          0.224666667          0.224666667          #          2005          2          
0.206666667          0.183          0.169333333          0.169333333          #          2005          3          
0.297          0.249333333          0.213333333          0.213333333          #          2005          4          
0.450333333          0.431          0.421666667          0.421666667          #          2006          1          
0.322333333          0.241666667          0.227333333          0.225          #          2006          2          
0.192666667          0.181333333          0.165333333          0.165333333          #          2006          3          
0.282          0.241          0.203          0.203          #          2006          4          
0.469666667          0.445333333          0.441666667          0.441666667          #          2007          1          
0.339666667          0.256          0.233333333          0.231          #          2007          2          
0.186666667          0.161666667          0.144          0.144          #          2007          3          
0.264          0.221333333          0.183          0.183          #          2007          4          
0.472          0.457333333          0.447333333          0.447333333          #          2008          1          
0.321666667          0.237666667          0.222333333          0.207666667          #          2008          2          
0.180333333          0.169333333          0.158333333          0.158333333          #          2008          3          
0.251333333          0.223666667          0.195666667          0.195666667          #          2008          4          
0.454666667          0.449666667          0.435          0.43          #          2009          1          
0.323666667          0.250666667          0.222333333          0.207333333          #          2009          2          
0.180666667          0.17          0.159333333          0.159333333          #          2009          3          
0.246          0.218666667          0.194333333          0.194333333          #          2009          4          
0.499666667          0.490333333          0.468          0.462333333          #          2010          1          
0.351666667          0.276          0.240666667          0.225666667          #          2010          2          
0.197          0.188333333          0.163          0.163          #          2010          3          
0.266666667          0.223666667          0.203          0.203          #          2010          4          
0.536          0.526666667          0.500666667          0.494666667          #          2011          1          
0.369          0.305          0.259          0.252          #          2011          2          
0.211333333          0.201333333          0.176666667          0.176666667          #          2011          3          
0.293666667          0.251666667          0.232          0.232          #          2011          4          
0.550666667          0.532          0.506666667          0.479666667          #          2012          1          
0.361666667          0.3          0.260333333          0.250666667          #          2012          2          
0.201666667          0.183666667          0.145666667          0.145666667          #          2012          3          
0.278333333          0.227333333          0.197          0.197          #          2012          4          
0.481666667          0.472333333          0.451666667          0.402333333          #          2013          1          
0.311          0.263333333          0.231333333          0.221666667          #          2013          2          
0.184666667          0.178666667          0.152666667          0.152666667          #          2013          3          
0.258          0.227          0.203          0.203          #          2013          4          
0.436333333          0.427          0.407666667          0.346          #          2014          1          
0.303          0.248666667          0.22          0.213333333          #          2014          2          
0.201333333          0.182333333          0.154666667          0.154666667          #          2014          3          
0.258          0.228333333          0.204333333          0.204333333          #          2014          4          
0.437333333          0.430333333          0.406          0.370333333          #          2015          1          
0.309          0.271333333          0.217666667          0.216333333          #          2015          2          
0.221666667          0.201          0.175          0.175          #          2015          3          
0.265333333          0.245          0.232          0.232          #          2015          4          
0.457333333          0.442333333          0.414          0.401333333          #          2016          1          
0.336333333          0.303333333          0.229          0.227666667          #          2016          2          
0.246          0.216333333          0.192666667          0.192666667          #          2016          3          
0.283333333          0.264333333          0.244666667          0.244666667          #          2016          4          
0.456666667          0.435333333          0.408          0.408          #          2017          1          
0.336333333          0.314          0.227666667          0.227666667          #          2017          2          
0.238666667          0.215333333          0.193666667          0.193666667          #          2017          3          
0.275333333          0.257666667          0.239          0.239          #          2017          4          
0.425666667          0.404666667          0.378666667          0.378666667          #          2018          1          
0.33          0.308          0.219          0.219          #          2018          2          
0.243666667          0.223          0.212          0.212          #          2018          3          
0.288          0.272          0.253          0.253          #          2018          4          
0.424333333          0.403666667          0.38          0.38          #          2019          1          
0.344666667          0.322666667          0.228          0.228          #          2019          2          
0.267          0.249333333          0.239          0.239          #          2019          3          
0.310666667          0.294333333          0.275          0.275          #          2019          4          
0.444666667          0.424          0.400666667          0.400666667          #          2020          1          
0.370666667          0.349          0.26          0.26          #          2020          2          
0.295333333          0.281          0.271666667          0.271666667          #          2020          3          
0.335333333          0.319          0.299333333          0.299333333          #          2020          4          
0.445333333          0.426666667          0.405          0.405          #          2021          1          
0.371333333          0.352666667          0.276          0.276          #          2021          2          
0.295333333          0.281          0.271666667          0.271666667          #          2021          3          Taken from 2020
0.335333333          0.319          0.299333333          0.299333333          #          2021          4          Taken from 2020
0.445333333          0.426666667          0.405          0.405          #          2022          1          Taken from 2020
0.371333333          0.352666667          0.276          0.276          #          2022          2          Taken from 2021
0.295333333          0.281          0.271666667          0.271666667          #          2022          3          Taken from 2021
0.335333333          0.319          0.299333333          0.299333333          #          2022          4          Taken from 2020
0.445333333          0.426666667          0.405          0.405          #          2023          1          Taken from 2020
0.371333333          0.352666667          0.276          0.276          #          2023          2          Taken from 2020
0.295333333          0.281          0.271666667          0.271666667          #          2023          3          Taken from 2021
0.335333333          0.319          0.299333333          0.299333333          #          2023          4          Taken from 2021
0.445333333          0.426666667          0.405          0.405          #          2024          1          Taken from 2020
0.371333333          0.352666667          0.276          0.276          #          2024          2          Taken from 2020
0.295333333          0.281          0.271666667          0.271666667          #          2024          3          Taken from 2021
0.335333333          0.319          0.299333333          0.299333333          #          2024          4          Taken from 2021