0.005726121 0.0084798584 0.0139788854 0.0171636173 # 1974 1
0.0059038581 0.0090625477 0.0154270315 0.0195371375 # 1974 2
0.0050436663 0.007932165 0.0155393586 0.0199083206 # 1974 3
0.0075481073 0.0116418826 0.0153731234 0.0201381693 # 1974 4
0.004866779 0.0086934187 0.0132567252 0.0175203676 # 1975 1
0.0076524479 0.0112273475 0.0174372829 0.0214274785 # 1975 2
0.0049368372 0.0108661623 0.0157740682 0.0197479076 # 1975 3
0.0074234158 0.0135115682 0.0207068701 0.0207351595 # 1975 4
0.0048555853 0.0070885943 0.0120419486 0.0132464743 # 1976 1
0.0045115599 0.0091275272 0.016028963 0.0190815713 # 1976 2
0.0022508643 0.0059665963 0.0107567515 0.0160557792 # 1976 3
0.0043954111 0.0075671872 0.0114531498 0.0182847258 # 1976 4
0.0054285507 0.0084277872 0.0128225827 0.0178320192 # 1977 1
0.0060438013 0.0112595354 0.015063785 0.0202816162 # 1977 2
0.0022999016 0.0079167346 0.0108089663 0.0142389019 # 1977 3
0.0030650843 0.0078113413 0.0118023786 0.014929072 # 1977 4
0.0038502118 0.0069168279 0.0120595622 0.0144366147 # 1978 1
0.0045397389 0.0104199291 0.0159742232 0.0193549192 # 1978 2
0.0031765689 0.0091074979 0.0125172179 0.0168850766 # 1978 3
0.0038380539 0.0093228623 0.0149025376 0.0181446411 # 1978 4
0.0049805103 0.0058928407 0.0066073801 0.0112484566 # 1979 1
0.0054429397 0.0106362432 0.0152952733 0.0179736762 # 1979 2
0.0033698777 0.0077481575 0.0130968799 0.0165764022 # 1979 3
0.0033224782 0.012469779 0.0143797896 0.0176194834 # 1979 4
0.005726121 0.0051625045 0.006911098 0.0083786861 # 1980 1
0.0051415345 0.005136837 0.0069394936 0.0082774858 # 1980 2
0.0033026365 0.0087710124 0.0134164421 0.017325314 # 1980 3
0.0068851512 0.0119992827 0.0166682126 0.0314127893 # 1980 4
0.0067053765 0.0098075601 0.0129987622 0.0160110618 # 1981 1
0.0064852805 0.0122851207 0.015296802 0.0189951769 # 1981 2
0.0049563123 0.0090353219 0.0163082198 0.0219127228 # 1981 3
0.0069180574 0.0149793486 0.0206788367 0.0222905441 # 1981 4
0.0084341919 0.0089603673 0.0181832694 0.02016238 # 1982 1
0.0071880248 0.0111250643 0.0164039776 0.022062017 # 1982 2
0.002937138 0.007823783 0.0117076813 0.0169753407 # 1982 3
0.0055693618 0.0101806523 0.0152122866 0.0194044141 # 1982 4
0.00478595 0.009043886 0.0124923568 0.014870662 # 1983 1
0.0042958326 0.0126753227 0.017163591 0.0209308472 # 1983 2
0.0035307932 0.0096546677 0.0166702569 0.0166936455 # 1983 3
0.0050064807 0.0121214297 0.017242908 0.0165640601 # 1983 4
0.0051394021 0.0079032103 0.0124722847 0.0168521357 # 1984 1
0.0053922263 0.0123861024 0.0175530051 0.0167028735 # 1984 2
0.0092920147 0.0135340214 0.0196860311 0.0196860311 # 1984 3
0.009292 0.013534 0.019686 0.019686 # 1984 4
0.005726121 0.0092920147 0.0135340214 0.0196860311 # 1985 1
0.0051415345 0.0092920147 0.0135340214 0.0196860311 # 1985 2
0.0072579963 0.009879995 0.0165839916 0.0165839916 # 1985 3
0.007258 0.00988 0.016584 0.016584 # 1985 4
0.005726121 0.0072579963 0.009879995 0.0165839916 # 1986 1
0.0051415345 0.0072579963 0.009879995 0.0165839916 # 1986 2
0.0085270558 0.01610197 0.022256464 0.0166936455 # 1986 3
0.0059969643 0.0105908528 0.0140753878 0.0165640601 # 1986 4
0.0064705977 0.0086597758 0.0121201034 0.0154045929 # 1987 1
0.005881119 0.0093873585 0.0113535945 0.0167604508 # 1987 2
0.0067381943 0.0127239936 0.0175873576 0.0209616336 # 1987 3
0.0059969643 0.0105908528 0.0140753878 0.0165640601 # 1987 4
0.0043473139 0.0090197616 0.0119089634 0.0138811847 # 1988 1
0.0046863312 0.0086684268 0.0117104148 0.0139898788 # 1988 2
0.0052939278 0.0144153006 0.0194224381 0.0160144028 # 1988 3
0.0059969643 0.0105908528 0.0140753878 0.0165640601 # 1988 4
0.0056547928 0.0086184197 0.0100101811 0.0163854533 # 1989 1
0.0044324334 0.0081987856 0.0110759637 0.0131799699 # 1989 2
0.0047833514 0.0081912356 0.0126015826 0.0159226263 # 1989 3
0.0059969643 0.0105908528 0.0140753878 0.0165640601 # 1989 4
0.0042620837 0.0070135426 0.0093891018 0.0116378557 # 1990 1
0.0037812524 0.0069942795 0.0094487633 0.0113746015 # 1990 2
0.0044574649 0.0102016169 0.0135527105 0.0152748225 # 1990 3
0.0059969643 0.0105908528 0.0140753878 0.0165640601 # 1990 4
0.0069082993 0.014260648 0.0155936349 0.0166811636 # 1991 1
0.0057037249 0.0145419868 0.0189102093 0.0162460455 # 1991 2
0.0052693787 0.010498264 0.0147401657 0.0172378061 # 1991 3
0.0061510186 0.0120619967 0.0157812386 0.018455283 # 1991 4
0.0066245742 0.0099239511 0.0127499634 0.0152195442 # 1992 1
0.0059599008 0.0120735405 0.0155094534 0.0185222509 # 1992 2
0.0036507537 0.0099199943 0.014317192 0.0175360726 # 1992 3
0.0059969643 0.0105908528 0.0140753878 0.0165640601 # 1992 4
0.0062441527 0.0109185191 0.0123460402 0.0130330614 # 1993 1
0.0079999487 0.0105575647 0.0138885879 0.0168912473 # 1993 2
0.002417669 0.0080809405 0.0120310413 0.0146987224 # 1993 3
0.0031154504 0.0153982352 0.0150788623 0.0172427866 # 1993 4
0.0059251709 0.0067200668 0.0105014915 0.0134136012 # 1994 1
0.0079147746 0.010282754 0.0124741599 0.0152314806 # 1994 2
0.0028901409 0.0083207317 0.009879899 0.0168472844 # 1994 3
0.0041983667 0.0079275598 0.0113576763 0.0164350106 # 1994 4
0.0038803439 0.0083112428 0.0122920274 0.0126846368 # 1995 1
0.0049884339 0.0102570876 0.0137394606 0.0160637418 # 1995 2
0.0083490034 0.0098088745 0.0132616257 0.0166934642 # 1995 3
0.0059969643 0.0105908528 0.0140753878 0.0165640601 # 1995 4
0.0066956511 0.0110181398 0.0147500974 0.0179155759 # 1996 1
0.0078017727 0.0118510734 0.0153860426 0.0172311125 # 1996 2
0.0028855721 0.0063992167 0.0091394627 0.0119534017 # 1996 3
0.0059969643 0.0105908528 0.0140753878 0.0165640601 # 1996 4
0.0072420915 0.0128451657 0.015082149 0.0167869748 # 1997 1
0.0059128347 0.0121961242 0.0166084096 0.0211883236 # 1997 2
0.0071930512 0.0098422767 0.0123864611 0.0152163496 # 1997 3
0.0059969643 0.0105908528 0.0140753878 0.0165640601 # 1997 4
0.0058373742 0.0141152453 0.0171839604 0.0196484556 # 1998 1
0.0051023827 0.0126017853 0.0158905584 0.0178939506 # 1998 2
0.0043402082 0.0064122386 0.0098874234 0.0098197117 # 1998 3
0.0059969643 0.0105908528 0.0140753878 0.0165640601 # 1998 4
0.005312438 0.0097533138 0.0115934505 0.0149578952 # 1999 1
0.004696043 0.011707387 0.0140211878 0.0171405139 # 1999 2
0.0042130295 0.0095076012 0.0116836041 0.0136722816 # 1999 3
0.0059969643 0.0105908528 0.0140753878 0.0165640601 # 1999 4
0.0067608146 0.0123374017 0.0148708575 0.0177149515 # 2000 1
0.0065160997 0.0149617684 0.017663521 0.017858444 # 2000 2
0.005408842 0.0106995603 0.0134330797 0.0155800421 # 2000 3
0.0036558917 0.0049241042 0.0125939059 0.0144717458 # 2000 4
0.0066974633 0.010875733 0.0118666403 0.0163571787 # 2001 1
0.0050055066 0.011940867 0.014056702 0.0166428218 # 2001 2
0.0066156247 0.0128854005 0.0154507992 0.0171990984 # 2001 3
0.0059969643 0.0105908528 0.0140753878 0.0165640601 # 2001 4
0.0074180818 0.0110081304 0.0147235708 0.0159170716 # 2002 1
0.0083407711 0.0122037405 0.0148611101 0.0163777434 # 2002 2
0.0047925907 0.0103688595 0.0137208135 0.0151374242 # 2002 3
0.0069765921 0.0116172081 0.0143754127 0.0159555166 # 2002 4
0.0043041597 0.0125634434 0.0149596636 0.0232571985 # 2003 1
0.0057468876 0.0109496486 0.0147161905 0.0174495936 # 2003 2
0.0048641713 0.0123573778 0.0140060045 0.014624494 # 2003 3
0.0059969643 0.0105908528 0.0140753878 0.0165640601 # 2003 4
0.0089225419 0.0116207617 0.0142935752 0.0170248279 # 2004 1
0.0042083614 0.0101222638 0.0145930297 0.0158235664 # 2004 2
0.0030790276 0.0099366974 0.0114851033 0.013002203 # 2004 3
0.0047886407 0.0101839265 0.0118473894 0.0134763659 # 2004 4
0.0076653935 0.0097488447 0.013506999 0.0166124862 # 2005 1
0.0066972648 0.0103093814 0.0116090278 0.0146179791 # 2005 2
0.0055958437 0.008099818 0.0115790296 0.0144902022 # 2005 3
0.0059969643 0.0105908528 0.0140753878 0.0165640601 # 2005 4
0.005726121 0.0109167575 0.0136001651 0.0156570107 # 2006 1
0.0077944663 0.0140551154 0.0158285631 0.0180216651 # 2006 2
0.0041534495 0.0099699589 0.0131611544 0.0139311888 # 2006 3
0.0059969643 0.0105908528 0.0140753878 0.0165640601 # 2006 4
0.005726121 0.0118922923 0.0133651967 0.0155446924 # 2007 1
0.006658867 0.0102428057 0.0129324313 0.0156461694 # 2007 2
0.0046718456 0.0079009734 0.0119823117 0.0126070393 # 2007 3
0.0059969643 0.0105908528 0.0140753878 0.0165640601 # 2007 4
0.0063234329 0.0103333282 0.0115503542 0.0132979368 # 2008 1
0.0045694398 0.008075781 0.0127417251 0.0147479194 # 2008 2
0.0033796594 0.007314029 0.0090373352 0.0095695115 # 2008 3
0.0048630471 0.0079742272 0.0101921086 0.0105271054 # 2008 4
0.005726121 0.0096749946 0.0129059916 0.0144318622 # 2009 1
0.0046207099 0.0096444622 0.013608965 0.0151621699 # 2009 2
0.0042240023 0.0078095072 0.0108886939 0.0143660444 # 2009 3
0.0088066031 0.0099214898 0.0110057582 0.0146175036 # 2009 4
0.0065419082 0.0081276708 0.0105203264 0.0138549083 # 2010 1
0.004832063 0.0095854286 0.011778381 0.0153160135 # 2010 2
0.0051654851 0.0073040263 0.0096978771 0.0134222439 # 2010 3
0.0059969643 0.0105908528 0.0140753878 0.0165640601 # 2010 4
0.0056027355 0.0085801961 0.0104914604 0.0139710195 # 2011 1
0.0046212161 0.0090495182 0.0118999965 0.0150100007 # 2011 2
0.0041804322 0.0097363791 0.0123723923 0.016593059 # 2011 3
0.0059969643 0.0105908528 0.0140753878 0.0165640601 # 2011 4
0.0060243895 0.0087623616 0.0111165589 0.0155804156 # 2012 1
0.0059213435 0.0088931943 0.0126772797 0.0156726015 # 2012 2
0.0040907961 0.0071711538 0.0118729412 0.0150481716 # 2012 3
0.0059969643 0.0105908528 0.0140753878 0.0165640601 # 2012 4
0.0069767548 0.0099548661 0.0125749122 0.0149304516 # 2013 1
0.005191758 0.0098052081 0.0129181131 0.0154285369 # 2013 2
0.0025500278 0.0048153163 0.0066558263 0.0079328 # 2013 3
0.0032309394 0.0137900227 0.0191484521 0.0210018337 # 2013 4
0.0054488211 0.0090640115 0.0127831574 0.0146450918 # 2014 1
0.0046144372 0.0084193778 0.012982078 0.0143426011 # 2014 2
0.0056338968 0.0085431319 0.0118542304 0.0139416244 # 2014 3
0.007351382 0.0113309045 0.0120646919 0.0142325302 # 2014 4
0.005462169 0.0080966183 0.0109404005 0.0134224892 # 2015 1
0.0051404205 0.0087693527 0.0117754302 0.0154605117 # 2015 2
0.0041000131 0.007985458 0.011202528 0.0161442206 # 2015 3
0.0059969643 0.0105908528 0.0140753878 0.0165640601 # 2015 4
0.0044766688 0.0084095712 0.0118411765 0.0147889149 # 2016 1
0.0044819256 0.0088413603 0.0124739505 0.0153813844 # 2016 2
0.0077362269 0.0146086173 0.0201923221 0.0240663814 # 2016 3
0.0059969643 0.0105908528 0.0140753878 0.0165640601 # 2016 4
0.0041382611 0.0083701643 0.0116193111 0.0135812166 # 2017 1
0.0034798862 0.0079731884 0.0119162106 0.0167054966 # 2017 2
0.0040192691 0.0069291617 0.0116544151 0.012693838 # 2017 3
0.0056327311 0.0081710768 0.0117590884 0.0124407641 # 2017 4
0.0038546298 0.0069128034 0.0091738707 0.0119251117 # 2018 1
0.005199058 0.0078608952 0.0104520461 0.0136024558 # 2018 2
0.0042245147 0.0068952131 0.009834603 0.0139391944 # 2018 3
0.0057690363 0.0066192605 0.0079495575 0.0142345232 # 2018 4
0.0035727858 0.0065869167 0.0092119821 0.0115540423 # 2019 1
0.0042955565 0.0079167285 0.0101030042 0.0150076664 # 2019 2
0.0057691483 0.0108941065 0.0150580512 0.0179470594 # 2019 3
0.0064445962 0.0079844592 0.0105451224 0.0161203449 # 2019 4
0.0052227654 0.0094375076 0.012573821 0.0169023956 # 2020 1
0.0065801705 0.0106061352 0.0146495837 0.016962939 # 2020 2
0.005102421 0.0074351242 0.0094601917 0.0139690059 # 2020 3
0.0059969643 0.0105908528 0.0140753878 0.0165640601 # 2020 4
0.0059765703 0.0072705441 0.0114533392 0.013485589 # 2021 1
0.0060741495 0.0090738677 0.0122347336 0.0168944999 # 2021 2
0.0066361544 0.0125313077 0.0173210234 0.020644201 # 2021 3
0.0070953045 0.009587589 0.01545872 0.0163523171 # 2021 4
0.0062056463 0.0085535133 0.0114000152 0.0135638381 # 2022 1
0.0073316391 0.0124467387 0.0163024755 0.0183436478 # 2022 2
0.0075434277 0.0142445469 0.0196890968 0.0234666083 # 2022 3
0.0059969643 0.0105908528 0.0140753878 0.0165640601 # 2022 4
0.005329948 0.009195798 0.0109460355 0.012264582 # 2023 1
0.0051845037 0.008394733 0.0111140408 0.0134669948 # 2023 2
0.0032890881 0.0062109127 0.0085848473 0.0102319193 # 2023 3
0.0048695548 0.0071722895 0.0101899601 0.0144175954 # 2023 4
0.0045719395 0.0086430451 0.0114418224 0.0139020878 # 2024 1
0.0045703753 0.0089544226 0.0126665028 0.013513368 # 2024 2
0.0052568848 0.0100369532 0.0146352402 0.0166936455 # 2024 3
0.0059969643 0.0105908528 0.0140753878 0.0165640601 # 2024 4
0.0054613739 0.00862008162 0.01156300666 0.0140236985 # 2025 1
0.00594816762 0.00989517944 0.01339346728 0.0158362899 # 2025 2
0.0055655952 0.01009176894 0.01393807988 0.017001076 # 2025 3
0.00599115044 0.00970648738 0.0135749687 0.01609241856 # 2025 4
