0 22119939.354 26369548.642 1761025.0256 # 1980 1
4713523.9945 4437564.2923 339245.83258 18310.398239 # 1980 2
1049518.0418 14362068.7 3729822.4082 240494.60103 # 1981 1
604546.7962 4048234.8212 308681.113 7804.3403595 # 1981 2
1433637.1068 10628672.444 1371051.3437 79475.884714 # 1982 1
2928109.0157 510706.388 60262.74717 3842.3073444 # 1982 2
7521597.2581 3763401.2531 1358551.3063 172684.00406 # 1983 1
2299080.744 586708.75067 7014.3188096 0 # 1983 2
668443.09766 9063325.4246 488067.19563 5046.0446678 # 1984 1
2060121.3219 829065.15809 2160.1319966 0 # 1984 2
241805.13331 2200359.0437 968544.0697 22968.231441 # 1985 1
72101.946669 222127.9592 6406.9010449 0 # 1985 2
237819.30258 418428.51636 629220.3049 6287.3147304 # 1986 1
754425.03953 60121.674491 504.25188537 0 # 1986 2
63890.981589 3437618.9673 279627.04264 1471.7875886 # 1987 1
340045.36498 1146333.0281 54607.429495 31591.619515 # 1987 2
5134615.9415 2053344.4479 2860927.0714 38074.201086 # 1988 1
1910218.3425 667500.14879 61646.52615 5501.7904792 # 1988 2
15160.33917 1892068.0344 3362610.7853 3850.7056258 # 1989 1
530389.06598 431378.33461 18125.340077 9915.7163121 # 1989 2
3300.1706562 4722538.9909 3699836.5438 390555.72131 # 1990 1
348416.9286 69237.672812 2657.17979 584.43530288 # 1990 2
1595305.6526 4506073.9045 2693866.3324 15250.371196 # 1991 1
703719.16497 90601.123325 1644.6988914 181.36116927 # 1991 2
284609.33818 10276593.501 1125456.4702 152596.27857 # 1992 1
1934177.8852 1864327.3534 246789.15738 5414.0382318 # 1992 2
1626404.0495 7776617.6934 5012424.9384 1101607.7377 # 1993 1
8790489.3776 2384307.6959 320238.56724 30811.231866 # 1993 2
3598030.0619 43772887.83 1628551.3684 194403.07089 # 1994 1
4322501.8138 4088862.8183 541626.62644 16695.869349 # 1994 2
897165.60136 31817485.987 4591610.2291 618815.3936 # 1995 1
2226448.5522 5081260.1997 473278.55572 91974.534184 # 1995 2
1255708.0332 1121606.6431 2512563.1812 855850.81084 # 1996 1
1853124.3905 284614.09251 197468.44894 58828.157226 # 1996 2
206911.68792 6732932.9984 921421.10944 371057.3401 # 1997 1
741001.98588 824790.72006 173440.9514 35690.45293 # 1997 2
5584127.9895 6534542.3265 2425459.8599 369311.23053 # 1998 1
1917775.2475 1102819.6641 442118.54401 219929.30731 # 1998 2
132946.14567 18074037.961 535035.27529 49913.447126 # 1999 1
2240415.9871 3318917.7982 562072.24229 139306.69467 # 1999 2
100007.96852 10895096.261 1537794.8443 79848.219179 # 2000 1
3389148.3204 2895597.7212 1080078.2622 126031.2479 # 2000 2
663193.58922 9169237.7308 1493220.6975 356751.21596 # 2001 1
276182.23478 638850.93928 52603.91477 10915.557478 # 2001 2
1162167.124 10820957.135 822864.20795 104213.90925 # 2002 1
1320702.5033 1210326.1605 269147.621 54840.754623 # 2002 2
3098616.2227 10916457.019 1332398.3226 210239.52964 # 2003 1
875901.0941 47417.703898 34565.702845 26847.082243 # 2003 2
25837411.631 7725048.7868 730393.36834 92386.70234 # 2004 1
6700272.3777 320877.09077 39731.152898 13906.373048 # 2004 2
1049642.7207 20284434.514 498744.39551 79603.669189 # 2005 1
1273576.6606 5247577.9446 185227.01145 28515.984565 # 2005 2
362401.26 2642611.6605 2186389.3946 390955.9804 # 2006 1
194391.67102 140911.64032 168151.70907 10520.194167 # 2006 2
750664.47607 5924897.6644 1561199.8533 223112.51902 # 2007 1
500730.8263 318047.86468 18358.16346 20732.730888 # 2007 2
2238048.4604 2355568.5893 2238139.3339 453538.49429 # 2008 1
1405970.8389 182894.28064 83591.365224 22078.47349 # 2008 2
294264.44097 12735152.262 571308.9235 116921.779 # 2009 1
326214.72643 3689101.681 470661.10236 71282.483533 # 2009 2
445664.54753 5130640.7329 3261703.4784 1820947.2352 # 2010 1
450146.11566 2723988.3902 574461.60191 84096.041474 # 2010 2
496234.24188 6805305.7889 3307539.6923 847821.50544 # 2011 1
143474.5355 496767.19147 154627.38997 63086.644864 # 2011 2
211068.59178 6545804.9291 1904983.0174 255115.45869 # 2012 1
115296.89163 476486.29565 78492.261073 31075.035052 # 2012 2
505086.54253 4541594.4961 791630.88052 69110.289478 # 2013 1
5792202.7231 46444.987309 44158.214481 47216.189422 # 2013 2
1332478.7719 14376507.319 764670.5312 51012.521321 # 2014 1
4469381.422 2211450.4754 126937.86157 13362.697741 # 2014 2
439812.69895 24542181.764 3495171.9589 259066.76073 # 2015 1
659396.98985 2738046.7487 822328.14472 92645.15222 # 2015 2
7305672.934 14171803.853 4456831.6607 466206.64014 # 2016 1
686071.28316 44463.047002 7281.487393 1400.486834 # 2016 2
2225693.2382 12734698.276 718603.32968 113348.57888 # 2017 1
2668676.1773 912001.55288 93347.28261 36479.68268 # 2017 2
7516142.8849 13825782.646 3353368.9092 433399.48988 # 2018 1
664544.92562 1270176.4927 228132.34395 11947.834609 # 2018 2
3783363.3765 11931034.63 3372860.7594 202094.46179 # 2019 1
3010570.3021 216666.60991 7660.5149287 490.50323681 # 2019 2
672471.30854 11552901.192 2942971.0582 349444.83709 # 2020 1
47669.447621 106722.33903 9172.5878889 1970.5666818 # 2020 2
1107782.5588 6664182.7428 1583924.4862 287846.24557 # 2021 1
2527765.9473 266030.86672 14607.822522 112.43808496 # 2021 2
1326932.0836 5528283.7301 783423.45684 110163.00894 # 2022 1
75477.639824 21189.21843 1252.4407158 236.70734484 # 2022 2
1159422.2604 6630105.6973 2108726.9335 110287.15427 # 2023 1
1832865.2885 335440.75993 43674.524182 1902.7532117 # 2023 2
9496982.5107 2909621.8942 633708.6724 56009.366221 # 2024 1
0 0 0 0 # 2024 2
