2039891.4669 28137372.174 2499592.4924 398428.42057 # 1974 1
4570057.0374 13504937.573 1381109.4581 36055.538816 # 1974 2
1626230.2645 40646658.687 11527300.91 352149.5484 # 1975 1
8339342.9073 5999557.4841 2297055.4883 64395.00747 # 1975 2
10474405.061 56140876.708 3325685.9901 201998.84238 # 1976 1
12029424.506 7938672.1494 243610.78335 7929.6564223 # 1976 2
5816717.0422 16163938.424 7527926.9429 117537.23153 # 1977 1
26039514.414 2134691.3207 1992385.0475 28124.531151 # 1977 2
6232994.1475 38960038.605 1318775.7929 154679.75335 # 1978 1
17229393.267 5968509.3942 969177.98251 23842.833749 # 1978 2
4838121.8573 44124198.412 2230194.9849 110393.93114 # 1979 1
11737918.743 6400929.5169 276087.93609 22086.163671 # 1979 2
0 22585038.038 26924000.541 1798052.7231 # 1980 1
4856347.0513 4572025.5781 349525.21736 18865.216046 # 1980 2
1081319.1688 14797249.375 3842838.6225 247781.75478 # 1981 1
621764.09997 4163527.2834 317472.25461 8026.6055332 # 1981 2
1474466.6434 10931373.712 1410098.4574 81739.333066 # 1982 1
3060065.741 533721.63169 62978.518589 4015.4628834 # 1982 2
7860561.8724 3933000.8489 1419775.1134 180466.09672 # 1983 1
2421607.0854 617976.58538 7388.1372686 0 # 1983 2
704066.8518 9546342.8688 514078.06453 5314.9666677 # 1984 1
2256105.6376 907936.12839 2365.6305692 0 # 1984 2
264808.63949 2409684.5123 1060684.0056 25153.254756 # 1985 1
86286.247946 265826.22313 7667.3027243 0 # 1985 2
284604.45601 500744.13213 753004.06923 7524.1907161 # 1986 1
841177.5495 67035.159453 562.23659481 0 # 1986 2
71237.905043 3832916.1248 311781.79166 1641.030735 # 1987 1
347088.9704 1170077.8526 55738.552651 32245.999563 # 1987 2
5240972.9526 2095876.8555 2920187.5216 38862.859531 # 1988 1
1956676.0867 683734.18364 63145.809491 5635.5975779 # 1988 2
15529.048413 1938084.3514 3444391.652 3944.3572743 # 1989 1
553629.6527 450280.46936 18919.556182 10350.203144 # 1989 2
3444.7775255 4929471.1922 3861955.9719 407669.09089 # 1990 1
365017.86581 72536.62348 2783.7857934 612.28175055 # 1990 2
1671316.7955 4720773.7191 2822220.3307 15977.001948 # 1991 1
738903.52536 95130.973775 1726.9301015 190.42881593 # 1991 2
298839.15886 10790399.843 1181726.7383 160225.74602 # 1992 1
1999559.1689 1927347.4699 255131.40555 5597.049718 # 1992 2
1681381.6115 8039491.7813 5181860.6347 1138845.5371 # 1993 1
8833911.2892 2396085.3335 321820.43261 30963.428465 # 1993 2
3615803.0592 43989110.429 1636595.8368 195363.35337 # 1994 1
4370679.1096 4134436.0447 547663.43274 16881.956451 # 1994 2
907165.13737 32172114.047 4642786.9258 625712.52252 # 1995 1
2257533.3111 5152202.6644 479886.27624 93258.644797 # 1995 2
1273239.7122 1137266.0537 2547642.5549 867799.84782 # 1996 1
1889900.6684 290262.4165 201387.31947 59995.634525 # 1996 2
211017.96475 6866551.7755 939707.2207 378421.17813 # 1997 1
754778.15799 840124.63161 176665.43992 36353.983975 # 1997 2
5687944.0517 6656027.8035 2470552.2525 376177.19738 # 1998 1
1953492.0016 1123358.6396 450352.58465 224025.28311 # 1998 2
135422.14217 18410649.861 544999.80236 50843.037974 # 1999 1
2282149.3889 3380741.0179 572542.25626 141901.63341 # 1999 2
101870.86932 11098044.924 1566440.1541 81335.593768 # 2000 1
3453101.0161 2950237.1947 1100459.1691 128409.43772 # 2000 2
675707.94792 9342259.8042 1521397.5372 363483.05528 # 2001 1
281034.15974 650074.16957 53528.051863 11107.320232 # 2001 2
1182583.8887 11011057.965 837320.15367 106044.7224 # 2002 1
1334587.2587 1223050.5119 271977.21274 55417.304196 # 2002 2
3131192.4677 11031223.467 1346406.038 212449.81124 # 2003 1
891913.72889 48284.562474 35197.609781 27337.882547 # 2003 2
26309753.816 7866272.9339 743745.92874 94075.653907 # 2004 1
6836781.3995 327414.52914 40540.621605 14189.696662 # 2004 2
1071027.7769 20697702.537 508905.64056 81225.486691 # 2005 1
1297396.8042 5345725.2052 188691.37615 29049.328862 # 2005 2
369179.37578 2692037.3381 2227282.1897 398268.16498 # 2006 1
199891.18374 144898.15555 172908.87 10817.819787 # 2006 2
771901.43964 6092518.2724 1605367.5813 229424.57 # 2007 1
509514.8773 323627.20694 18680.210827 21096.434011 # 2007 2
2277309.3383 2396891.0595 2277401.806 461494.67565 # 2008 1
1418613.4965 184538.88784 84343.028756 22277.005758 # 2008 2
296910.50194 12849668.271 576446.20152 117973.15359 # 2009 1
328613.47695 3716228.7046 474122.00854 71806.644094 # 2009 2
448941.64686 5168367.8068 3285687.7203 1834337.1829 # 2010 1
455742.49453 2757853.9963 581603.51574 85141.553793 # 2010 2
502403.60495 6889911.805 3348660.2187 858361.92819 # 2011 1
145326.20454 503178.42273 156622.99671 63900.835245 # 2011 2
213792.62343 6630284.4798 1929568.5514 258407.95511 # 2012 1
116483.73308 481391.14331 79300.24356 31394.914793 # 2012 2
510285.79499 4588344.695 799779.75889 69821.695964 # 2013 1
5824844.0773 46706.72319 44407.063492 47482.271331 # 2013 2
1339987.817 14457524.627 768979.7522 51299.997063 # 2014 1
4482518.1452 2217950.5277 127310.96635 13401.974331 # 2014 2
441105.42766 24614317.887 3505445.2164 259828.22815 # 2015 1
661434.52136 2746507.2916 824869.13221 92931.425011 # 2015 2
7328247.4058 14215594.616 4470603.2354 467647.21499 # 2016 1
686240.36636 44474.00498 7283.2819254 1400.8319859 # 2016 2
2226241.7633 12737836.759 718780.43044 113376.5138 # 2017 1
2681738.7706 916465.60346 93804.197392 36658.242846 # 2017 2
7552932.7806 13893456.866 3369782.9255 435520.88676 # 2018 1
671606.58911 1283673.7878 230556.55002 12074.796059 # 2018 2
3823566.5862 12057817.559 3408701.8392 204241.98114 # 2019 1
3024858.6164 217694.92027 7696.8721084 492.83118923 # 2019 2
675662.89035 11607731.828 2956938.5432 351103.31943 # 2020 1
47895.497812 107228.4201 9216.0846223 1979.9111781 # 2020 2
1113035.7025 6695784.531 1591435.5116 289211.22255 # 2021 1
2527819.2502 266036.4765 14608.130557 112.44045594 # 2021 2
1326960.0646 5528400.3048 783439.97685 110165.33194 # 2022 1
75526.547849 21202.948626 1253.2522727 236.86072654 # 2022 2
1160173.5432 6634401.8753 2110093.347 110358.61818 # 2023 1
1835034.6903 335837.79172 43726.217884 1905.0053337 # 2023 2
9508223.2555 2913065.7583 634458.73775 56075.659593 # 2024 1
0 0 0 0 # 2024 2
