0.817333333 0.650666667 0.610333333 0.560333333 # 1974 1
0.577666666 0.507666666 0.432 0.432 # 1974 2
0.817333333 0.650666667 0.610333333 0.560333333 # 1975 1
0.606666666 0.551333334 0.471 0.471 # 1975 2
0.797 0.635666667 0.600333334 0.557 # 1976 1
0.632 0.574 0.489 0.489 # 1976 2
0.748 0.582333333 0.540666667 0.504 # 1977 1
0.628 0.596666667 0.518333333 0.518333333 # 1977 2
0.668333333 0.546666667 0.515 0.478333334 # 1978 1
0.587333334 0.548333333 0.472666666 0.472666666 # 1978 2
0.713333333 0.641666667 0.572666667 0.543333333 # 1979 1
0.606 0.569 0.499333334 0.499333334 # 1979 2
0.767333333 0.676666667 0.622333334 0.578666667 # 1980 1
0.6 0.559333333 0.458 0.458 # 1980 2
0.764333334 0.701333333 0.649 0.573333333 # 1981 1
0.568 0.515333334 0.41 0.41 # 1981 2
0.703 0.611 0.585666667 0.489333334 # 1982 1
0.477333334 0.419333333 0.330666666 0.330666666 # 1982 2
0.711 0.622 0.586 0.501333333 # 1983 1
0.447333334 0.376333333 0.29 0.29 # 1983 2
0.757333333 0.632 0.599666667 0.515 # 1984 1
0.469333333 0.409333334 0.310666666 0.310666666 # 1984 2
0.856333333 0.740666667 0.681666666 0.602333333 # 1985 1
0.490333333 0.409666666 0.290333333 0.290333333 # 1985 2
0.908666667 0.801 0.745333333 0.648 # 1986 1
0.531333334 0.430333333 0.296666666 0.296666666 # 1986 2
0.962333334 0.837333334 0.785666667 0.677 # 1987 1
0.549666667 0.415 0.326333333 0.326333333 # 1987 2
0.991333334 0.832666666 0.806333334 0.692 # 1988 1
0.576 0.441333333 0.378 0.378 # 1988 2
0.971333334 0.834 0.798 0.697 # 1989 1
0.582 0.478333333 0.435666667 0.435666667 # 1989 2
0.933666667 0.811666667 0.756666667 0.703666667 # 1990 1
0.572333333 0.504666667 0.451333333 0.451333333 # 1990 2
0.864 0.744666667 0.704666666 0.665666667 # 1991 1
0.564 0.524333334 0.455333333 0.455333333 # 1991 2
0.796 0.673 0.651666667 0.612 # 1992 1
0.538 0.499666667 0.430333333 0.430333333 # 1992 2
0.713 0.641333333 0.630333334 0.594 # 1993 1
0.512333334 0.472 0.403 0.403 # 1993 2
0.761333334 0.666333333 0.638666667 0.620666666 # 1994 1
0.497666666 0.443 0.389666666 0.389666666 # 1994 2
0.770333333 0.671 0.643 0.614666666 # 1995 1
0.456666667 0.399666667 0.352 0.352 # 1995 2
0.85 0.674 0.645333333 0.584 # 1996 1
0.448666667 0.369333334 0.304666667 0.304666667 # 1996 2
0.801666667 0.623333333 0.604666667 0.525666667 # 1997 1
0.452 0.391333334 0.309666666 0.309666666 # 1997 2
0.814666667 0.607 0.582333333 0.523 # 1998 1
0.48 0.421 0.343 0.343 # 1998 2
0.744333333 0.594333333 0.579 0.550333334 # 1999 1
0.508 0.471333334 0.404333334 0.404333334 # 1999 2
0.742666667 0.601333333 0.593333333 0.567 # 2000 1
0.459333334 0.408666667 0.355 0.355 # 2000 2
0.730333333 0.611333334 0.609666667 0.574 # 2001 1
0.481666667 0.437666666 0.377 0.377 # 2001 2
0.758333333 0.621333334 0.618666667 0.561333334 # 2002 1
0.464 0.407666666 0.351666666 0.351666666 # 2002 2
0.716666667 0.606333333 0.593333334 0.552666667 # 2003 1
0.532666667 0.472333333 0.425666667 0.425666667 # 2003 2
0.697333333 0.609 0.586333334 0.556333334 # 2004 1
0.509 0.449333333 0.415 0.415 # 2004 2
0.715333333 0.633 0.599333334 0.599333334 # 2005 1
0.503666667 0.432333333 0.382666666 0.382666666 # 2005 2
0.772666666 0.672666667 0.649 0.646666667 # 2006 1
0.474666667 0.422333333 0.368333333 0.368333333 # 2006 2
0.809333334 0.701333333 0.675 0.672666667 # 2007 1
0.450666667 0.383 0.327 0.327 # 2007 2
0.793666667 0.695 0.669666666 0.655 # 2008 1
0.431666666 0.393 0.354 0.354 # 2008 2
0.778333334 0.700333334 0.657333333 0.637333333 # 2009 1
0.426666667 0.388666667 0.353666666 0.353666666 # 2009 2
0.851333334 0.766333333 0.708666667 0.688 # 2010 1
0.463666667 0.412 0.366 0.366 # 2010 2
0.905 0.831666667 0.759666667 0.746666667 # 2011 1
0.505 0.453 0.408666667 0.408666667 # 2011 2
0.912333334 0.832 0.767 0.730333334 # 2012 1
0.48 0.411 0.342666667 0.342666667 # 2012 2
0.792666667 0.735666666 0.683 0.624 # 2013 1
0.442666667 0.405666667 0.355666667 0.355666667 # 2013 2
0.739333333 0.675666667 0.627666667 0.559333333 # 2014 1
0.459333333 0.410666666 0.359 0.359 # 2014 2
0.746333333 0.701666666 0.623666667 0.586666666 # 2015 1
0.487 0.446 0.407 0.407 # 2015 2
0.793666666 0.745666666 0.643 0.629 # 2016 1
0.529333333 0.480666666 0.437333334 0.437333334 # 2016 2
0.793 0.749333333 0.635666667 0.635666667 # 2017 1
0.514 0.473 0.432666667 0.432666667 # 2017 2
0.755666667 0.712666667 0.597666667 0.597666667 # 2018 1
0.531666667 0.495 0.465 0.465 # 2018 2
0.769 0.726333334 0.608 0.608 # 2019 1
0.577666667 0.543666666 0.514 0.514 # 2019 2
0.815333334 0.773 0.660666667 0.660666667 # 2020 1
0.630666666 0.6 0.571 0.571 # 2020 2
0.816666666 0.779333334 0.681 0.681 # 2021 1
0.630666666 0.6 0.571 0.571 # 2021 2
0.816666666 0.779333334 0.681 0.681 # 2022 1
0.630666666 0.6 0.571 0.571 # 2022 2
0.816666666 0.779333334 0.681 0.681 # 2023 1
0.630666666 0.6 0.571 0.571 # 2023 2
0.816666666 0.779333334 0.681 0.681 # 2024 1
0.630666666 0.6 0.571 0.571 # 2024 2
