0.0059038581 0.0087194813 0.0143806585 0.0173340125 # 1974 1
0.0055807086 0.0084768699 0.0162358762 0.0195563939 # 1974 2
0.0072086241 0.009642779 0.0145864885 0.0195209713 # 1975 1
0.0054058534 0.0110346808 0.0161363697 0.0192362945 # 1975 2
0.0045862227 0.0077464691 0.0134405636 0.015208633 # 1976 1
0.0026449771 0.0059414302 0.0104963892 0.0156991172 # 1976 2
0.0057251769 0.0092986366 0.0138051947 0.0187736261 # 1977 1
0.0023679982 0.0078314251 0.0108077101 0.0142318615 # 1977 2
0.0044794965 0.0078389173 0.015067177 0.01737693 # 1978 1
0.0024322811 0.0083957178 0.0124647338 0.0164933165 # 1978 2
0.0050935443 0.0071196373 0.0137234527 0.0139654522 # 1979 1
0.0030463126 0.0077851956 0.0130585353 0.0165230995 # 1979 2
0.0057482149 0.0051534017 0.0069214002 0.0083394532 # 1980 1
0.0038710893 0.0085195667 0.0131847748 0.0210118207 # 1980 2
0.0065897727 0.010461822 0.0146450204 0.0178854089 # 1981 1
0.0053767618 0.0094058806 0.0170175387 0.0217923106 # 1981 2
0.0076349127 0.0099222365 0.0169279293 0.0211115582 # 1982 1
0.0031225334 0.0077199599 0.011381997 0.0164830954 # 1982 2
0.0046422445 0.0103100855 0.0142048099 0.0173650701 # 1983 1
0.0036122111 0.0095806808 0.015715315 0.0036771845 # 1983 2
0.005344697 0.0090934889 0.0143057108 0.0167567649 # 1984 1
0.0030865722 0.0086266014 0.0129588021 0.0030656441 # 1984 2
0.0079256716 0.0135219918 0.0181416256 0.0217966104 # 1985 1
0.0102965047 0.0192980204 0.0265729736 0.0105176849 # 1985 2
0.0071443243 0.0124240728 0.0166967444 0.02001355 # 1986 1
0.0085477131 0.0158474208 0.0217002486 0.0085619185 # 1986 2
0.0059121669 0.0089966626 0.0115598946 0.0161682382 # 1987 1
0.00686403 0.0127048211 0.0173820796 0.0206576895 # 1987 2
0.0044260703 0.0089707449 0.0118750694 0.0139051304 # 1988 1
0.0053489502 0.0142904263 0.0191405237 0.0161058972 # 1988 2
0.0055775581 0.0086004215 0.0100292486 0.0162148862 # 1989 1
0.0047943947 0.0082390044 0.0124899489 0.0156862319 # 1989 2
0.0040502565 0.0070070856 0.0094125732 0.0115246774 # 1990 1
0.0045484221 0.0099022668 0.0130824305 0.0149497031 # 1990 2
0.0057364425 0.0144401293 0.0161424421 0.016455434 # 1991 1
0.0059427793 0.0111639629 0.0152577573 0.0179128877 # 1991 2
0.0060578989 0.010156729 0.0130286323 0.0156819625 # 1992 1
0.0038887318 0.0095060434 0.0136062773 0.0166142796 # 1992 2
0.0078139838 0.0106728324 0.0126687493 0.013121736 # 1993 1
0.0023676696 0.0091105463 0.0119941673 0.0145663113 # 1993 2
0.0073756807 0.0072728988 0.0119784873 0.0145107197 # 1994 1
0.0035981712 0.0079797801 0.0099086492 0.0168314672 # 1994 2
0.0046987413 0.0088396395 0.0130098468 0.0147285781 # 1995 1
0.0080891623 0.0099459552 0.0134239712 0.01675008 # 1995 2
0.0076639491 0.0117408243 0.015281506 0.0173284068 # 1996 1
0.0029488056 0.0063936585 0.0087294996 0.0113597342 # 1996 2
0.0059603166 0.0124080043 0.0164556855 0.019546545 # 1997 1
0.0069123757 0.0098135315 0.0124405814 0.0152139567 # 1997 2
0.0051174808 0.0134799938 0.0164557155 0.0185870395 # 1998 1
0.0043263012 0.0064951008 0.0098881315 0.0099573507 # 1998 2
0.0047004057 0.0100147177 0.0125217928 0.0162429609 # 1999 1
0.0042362747 0.0095138583 0.011747655 0.0137997716 # 1999 2
0.0065331464 0.0125463346 0.0154028122 0.0177772076 # 2000 1
0.0042495478 0.0106371968 0.0134316176 0.0155792521 # 2000 2
0.0050493548 0.0113603101 0.0137351315 0.0166376361 # 2001 1
0.0067210514 0.0127538219 0.015608948 0.0175654683 # 2001 2
0.0082474179 0.0114660742 0.0147826863 0.0160726649 # 2002 1
0.0048834414 0.0104141136 0.0137486015 0.0151534511 # 2002 2
0.0056537572 0.0115350244 0.0147979783 0.0190699477 # 2003 1
0.004907761 0.0116691173 0.0135744435 0.0145571886 # 2003 2
0.0042599219 0.0109518854 0.0143794941 0.0165440359 # 2004 1
0.0034035871 0.009931912 0.011462173 0.0129621384 # 2004 2
0.0068031178 0.0099382513 0.012773314 0.0161316772 # 2005 1
0.0055793713 0.0081070785 0.0115818263 0.0144758984 # 2005 2
0.0077944663 0.0115552243 0.0145290549 0.016729244 # 2006 1
0.0042238581 0.0099279306 0.0131186743 0.0139876636 # 2006 2
0.006658867 0.0107087089 0.0129740716 0.0156244611 # 2007 1
0.0047151474 0.0080386189 0.0119961117 0.0128919501 # 2007 2
0.0045795991 0.0085247465 0.0120087897 0.0139338299 # 2008 1
0.0037454398 0.0072593739 0.0090639915 0.0095587115 # 2008 2
0.0046207099 0.0096334684 0.0134271919 0.0150182641 # 2009 1
0.0058177631 0.0079360719 0.0108775213 0.014362156 # 2009 2
0.0049195421 0.0091191513 0.0115681921 0.0152687375 # 2010 1
0.0048423971 0.0072940816 0.0096904301 0.0130402642 # 2010 2
0.0046285111 0.0089186512 0.0115498508 0.0148358671 # 2011 1
0.0047509518 0.0095731974 0.0124354852 0.0157785602 # 2011 2
0.0059265662 0.0088313225 0.0122590164 0.0155956115 # 2012 1
0.0041444785 0.0072708302 0.0118777489 0.0148830041 # 2012 2
0.0052437515 0.0098728409 0.0128152334 0.0152789993 # 2013 1
0.0020756506 0.0086729769 0.0119263476 0.0129359359 # 2013 2
0.0048509407 0.0088668124 0.0128548252 0.0145590177 # 2014 1
0.0064912046 0.0085856316 0.0118562969 0.0139436686 # 2014 2
0.0052773019 0.0084531537 0.0112797013 0.0147750246 # 2015 1
0.0043072868 0.0080802187 0.011189247 0.0151182942 # 2015 2
0.0044573771 0.0084291412 0.0120030239 0.0150583329 # 2016 1
0.0077519745 0.0144412549 0.0198237715 0.0235816203 # 2016 2
0.0037204997 0.0082844517 0.011684766 0.0152252681 # 2017 1
0.0051496092 0.0069912382 0.0116522629 0.0126931423 # 2017 2
0.0042552947 0.0071278419 0.009644128 0.0130341427 # 2018 1
0.0051444459 0.0068245737 0.0094502556 0.0139391944 # 2018 2
0.0037582956 0.0068464929 0.0094634004 0.0133116098 # 2019 1
0.0064263509 0.0083626405 0.0120219289 0.0170577346 # 2019 2
0.0059610693 0.0097311037 0.0129601096 0.0170537498 # 2020 1
0.0048843936 0.0075202345 0.0097145339 0.0134499185 # 2020 2
0.0060062938 0.0074924431 0.0116213403 0.0146992174 # 2021 1
0.0069087543 0.0090598381 0.0154069784 0.0165423124 # 2021 2
0.0069541443 0.0087445648 0.0134684198 0.0170640675 # 2022 1
0.0076986246 0.0137785935 0.0185166239 0.0218939644 # 2022 2
0.0052699615 0.0090157643 0.0109852584 0.0127687291 # 2023 1
0.0031858695 0.0049480312 0.0073190512 0.0095623674 # 2023 2
0.0045953444 0.0086961018 0.0115366013 0.0138765065 # 2024 1
0.0049929278 0.0049929278 0.0049929278 0.0049929278 # 2024 2
0.00575736266 0.00873599554 0.01211434588 0.01509245406 # 2025 1
0.00553411396 0.00805992502 0.01119002304 0.0132882981 # 2025 2
