# Canum file produced from file 
0     16101060.5     2155723.303     475613.3228     #     1     1974
1884146.186     11544114.43     866398.6713     48228.14185     #     2     1974
2842701.801     11091302.62     1336036.311     34534.2172     #     3     1974
1302330.805     2511315.218     359117.0167     14821.61433     #     4     1974
250930.987      27723509.67      10052550.25      260181.7949      #      1      1975
1179566.526      14541886.65      4378414.637      166806.9646      #      2      1975
5240024.276      4755878.306      2206780.855      66185.76491      #      3      1975
0      0      0      0      #      4      1975
2143211.492      42209829.97      2888653.198      180912.5835      #      1      1976
7439656.472      18762732.34      1613138.514      88603.82323      #      2      1976
7703415.512      6925346.404      267637.586      8289.407347      #      3      1976
0      0      0      0      #      4      1976
2690193.628      12786056.13      5181867.277      109712.2416      #      1      1977
2520082.121      4904592.692      3679153.454      67687.90708      #      2      1977
15857197.32      1843468.493      2200876.478      37835.5068      #      3      1977
0      0      0      0      #      4      1977
454090.3104      32184524.03      427473.3553      96434.67045      #      1      1978
5517664.598      10344969.83      1209583.69      116695.4417      #      2      1978
6154606.399      4973568.024      1119044.557      29941.29292      #      3      1978
0      0      0      0      #      4      1978
3579389.252      36866799.64      644041.5244      117139.0481      #      1      1979
1052920.112      11355948.91      2152260.749      63386.12491      #      2      1979
3882781.129      6399258.887      332781.154      25963.75016      #      3      1979
0      0      0      0      #      4      1979
0      14237557.62      17421360.11      1481066.13      #      1      1980
0      9415158.379      11520576      979414.6263      #      2      1980
2536059.939      3866612.208      389674.3865      8724.47052      #      3      1980
0      0      0      0      #      4      1980
428775.7916      12322431.08      1483241.331      130804.6968      #      1      1981
40632.05697      3540736.791      3025288.646      202047.6552      #      2      1981
374254.0053      3854058.935      319762.5334      9835.41762      #      3      1981
0      0      0      0      #      4      1981
545769.0818      6350510.963      601580.8535      64879.07953      #      1      1982
818524.9612      5021081.535      1070959.867      55333.34573      #      2      1982
2530672.613      401839.4743      46913.22283      3525.284819      #      3      1982
0      0      0      0      #      4      1982
5613728.118      2819243.909      969599.1904      155653.3527      #      1      1983
2375763.461      1334332.534      588677.685      91111.62844      #      2      1983
1697718.225      596857.0253      7271.292172      0      #      3      1983
0      0      0      0      #      4      1983
954756.7108      6475020.71      417234.9114      2532.431337      #      1      1984
521865.6018      2535354.489      247654.3731      4803.462027      #      2      1984
405094.962      612406.7624      10648.16353      1053.115074      #      3      1984
0      0      0      0      #      4      1984
0      1304456.659      1972026.695      37679.58682      #      1      1985
0      576003.8499      870780.1526      16638.0285      #      2      1985
84760.31167      215856.0708      150819.0779      14916.17254      #      3      1985
0      0      0      0      #      4      1985
0      177779.7869      452745.4597      347619.9759      #      1      1986
0      156912.8022      399604.2519      306817.9204      #      2      1986
580935.9114      58709.5299      740.1073967      0      #      3      1986
0      0      0      0      #      4      1986
2235.664221      2250586.636      128512.0344      2524.939549      #      1      1987
49450.81464      1790263.924      267597.4537      977.5522709      #      2      1987
209787.8923      826994.3646      34626.06232      32980.3254      #      3      1987
0      0      0      0      #      4      1987
4082942.375      2096911.417      2830054.316      42363.63633      #      1      1988
1163963.657      314105.6654      527986.2641      11525.68928      #      2      1988
1817699.858      637488.5003      129383.8704      5490.822814      #      3      1988
0      0      0      0      #      4      1988
12451.42194      1706824.053      3613841.062      5716.040745      #      1      1989
783.3942196      76414.56035      88924.97074      341.8542616      #      2      1989
469457.7059      416920.3079      34789.23204      12751.49743      #      3      1989
0      0      0      0      #      4      1989
1567.62954      2633068.213      2234212.943      342514.131      #      1      1990
1225.279894      2058040.791      1746290.259      267713.5555      #      2      1990
291837.45      62050.17691      1941.186425      428.5069051      #      3      1990
0      0      0      0      #      4      1990
40503.72023      1684266.222      2416749.816      8159.074696      #      1      1991
1552315.07      2936717.076      614232.8767      9586.636441      #      2      1991
208352.1871      64565.01611      1036.313934      99.48645089      #      3      1991
0      0      0      0      #      4      1991
18947.60689      9695464.707      1315324.784      177583.8331      #      1      1992
222991.0221      1185132.47      132165.8279      16490.98811      #      2      1992
1279874.776      1583952.046      259251.2083      5821.116735      #      3      1992
0      0      0      0      #      4      1992
264172.788      3026866.502      5339043.091      247839.3407      #      1      1993
1441316.976      4911453.034      1324443.948      31435.34121      #      2      1993
1867837.881      1819505.93      338968.5997      43965.32345      #      3      1993
0      0      0      0      #      4      1993
445326.4173      40720484.32      516854.4731      100737.0285      #      1      1994
1856100.689      7146621.513      1455655.986      142774.1072      #      2      1994
818874.8073      2936362.173      559871.1555      22812.94288      #      3      1994
0      0      0      0      #      4      1994
170693.0636      24466578.35      3192395.079      371758.8216      #      1      1995
612010.4671      8620522.177      2863267.272      505874.6605      #      2      1995
1797666.002      4488223.557      533785.5295      128193.5893      #      3      1995
0      0      0      0      #      4      1995
299367.4678      233497.2299      816510.8511      286502.9399      #      1      1996
1083654.814      776795.1122      2208631.184      911255.6866      #      2      1996
1670741.866      289815.2836      113579.7353      49534.0872      #      3      1996
0      0      0      0      #      4      1996
6446.578653      2286584.641      130593.2205      202821.7517      #      1      1997
148656.6191      4395265.003      1078225.444      277615.097      #      2      1997
596222.8987      728240.4993      181186.7565      46666.73418      #      3      1997
0      0      0      0      #      4      1997
86123.71504      3567341.159      1498338.601      258992.5164      #      1      1998
5465889.024      2665031.583      1451844.233      326463.1852      #      2      1998
1615981.578      1096546.677      489540.9534      241493.3705      #      3      1998
0      0      0      0      #      4      1998
830.2300848      15939248.05      477814.7832      69219.24234      #      1      1999
90557.30563      2456063.432      254930.6374      44835.97991      #      2      1999
1967130.337      3351941.647      641059.0428      183015.318      #      3      1999
0      0      0      0      #      4      1999
6101.485019      9822668.882      1767255.969      70159.69647      #      1      2000
81905.93771      801375.3903      384853.7264      49826.6173      #      2      2000
1093613.141      2807142.959      1310051.772      176417.8816      #      3      2000
0      0      0      0      #      4      2000
13055.54054      5767626.931      315549.5245      7693.892248      #      1      2001
550512.241      3967343.103      1528712.074      498495.807      #      2      2001
143017.1784      531587.5809      59708.98544      13417.5553      #      3      2001
0      0      0      0      #      4      2001
63415.5033      6586442.233      594557.3085      108679.3863      #      1      2002
927294.3716      4326530.189      661655.8325      59021.7549      #      2      2002
1182692.427      1199164.984      296899.945      65718.37577      #      3      2002
0      0      0      0      #      4      2002
197639.4528      4003316.409      594497.5545      68143.53617      #      1      2003
2785629.645      6826280.927      1115905.456      218399.7985      #      2      2003
713228.8175      39823.87681      29773.78898      26427.23842      #      3      2003
0      0      0      0      #      4      2003
229308.6024      4217280.54      731499.7595      78913.12631      #      1      2004
24806797.94      4735685.98      264372.8985      53425.34628      #      2      2004
5233944.646      309954.6801      44144.65712      15706.5897      #      3      2004
0      0      0      0      #      4      2004
97602.26606      13409728.56      479221.841      88858.22652      #      1      2005
839944.3563      7903545.148      228337.1476      22051.44736      #      2      2005
1089273.954      5408581.136      230703.317      38556.78496      #      3      2005
0      0      0      0      #      4      2005
0      1987695.65      1401796.923      295158.0299      #      1      2006
319708.6218      493221.2027      1003836.846      235542.4768      #      2      2006
176742.0217      129541.1069      176584.6533      10932.85235      #      3      2006
0      0      0      0      #      4      2006
0      1693272.992      189550.5708      67672.11078      #      1      2007
609938.5077      4186795.915      1681648.299      254767.8168      #      2      2007
404452.2901      329723.6915      19674.8341      20963.68074      #      3      2007
0      0      0      0      #      4      2007
11590.12501      422429.6559      1447938.991      329769.6252      #      1      2008
2087187.108      1901762.666      1006626.153      260966.179      #      2      2008
893785.21      131773.9681      41691.66426      21858.32429      #      3      2008
0      0      0      0      #      4      2008
0      4776946.679      219921.8177      39036.73806      #      1      2009
231411.7261      8163927.331      554425.0353      137328.0143      #      2      2009
168362.2748      3385106.582      519515.5299      88967.35016      #      3      2009
0      0      0      0      #      4      2009
12413.78165      1732171.164      689165.6495      90040.36112      #      1      2010
349703.2477      3105416.535      3011291.014      2157386.876      #      2      2010
298472.1042      2412404.736      683263.5537      90603.02868      #      3      2010
0      0      0      0      #      4      2010
2469.281803      1847214.799      1105016.532      281708.3619      #      1      2011
420003.948      4234059.401      2917968.891      999295.1332      #      2      2011
57320.17229      250246.5098      95834.29644      42265.75978      #      3      2011
0      0      0      0      #      4      2011
147895.8147      2527701.469      729426.8024      121665.4653      #      1      2012
187098.1209      3756225.458      1690249.562      281071.0526      #      2      2012
78240.30477      463743.328      86910.00943      30156.57148      #      3      2012
0      0      0      0      #      4      2012
10002.47613      1973364.252      411557.9932      72704.62042      #      1      2013
462028.6119      2176971.347      745577.6432      144434.4032      #      2      2013
193678.3544      1553.694019      2446.720867      4794.058448      #      3      2013
0      0      0      0      #      4      2013
2640873.715      9499013.432      627237.1526      105518.6678      #      1      2014
1215080.228      4046243.986      323319.958      92685.03844      #      2      2014
1755944.199      2496883.52      177328.2492      21685.19554      #      3      2014
0      0      0      0      #      4      2014
1682642.475      12947813.03      2926866.837      161595.0817      #      1      2015
615375.3785      10862081.7      1632428.007      226923.6183      #      2      2015
374504.3061      1926029.295      733105.2253      90222.53149      #      3      2015
0      0      0      0      #      4      2015
4450615.923      12775033.41      4537365.862      439570.1088      #      1      2016
3593237.407      1451841.867      1251213.308      301252.216      #      2      2016
533954.3686      47714.91779      7357.777695      2717.945163      #      3      2016
0      0      0      0      #      4      2016
1767808.789      9076647.992      738626.627      88294.85525  #  1  2017
1302513.516      2796713.477      182538.4203      82805.61377  #  2  2017
658881.2546      807009.9527      184005.4325      68052.10121  #  3  2017
0      0      0      0  #  4  2017
4548740.776    11562002.09    2878461.808    310551.6572  #  1   2018
2090508.862    2888455.979    1516387.203    534059.1957  #  2   2018
157673.22    1090797.8    254222.9436    15776.35284  #  3   2018
0   0   0   0   #  4   2018
2420231.341    9775216.146    3342785.294    163695.6161    #  1   2019
1010278.721	2433674.479	1045309.464	140002.5738    #  2   2019
0   0   0   0    #  3   2019
0   0   0   0   #  4   2019
207573.6261    10153347.95    3429492.101    429318.045     #  1   2020
97488.05918	2773937.104	394226.3642	139520.2213    #  2   2020
0   0   0   0    #  3   2020
0   0   0   0    #  4   2020
539434.2001    5840604.371    1505981.62     255539.6767    #  1   2021
286005.1865	813983.1478	392934.0291	138812.8442    #  1   2021
0   0   0   0    #  3   2021
0   0   0   0    #  4   2021
362805.4229    7103177.195    813995.144     99383.65183    #  1   2022
837407.1084	285325.5814	351174.8017	101039.7492   #  2   2022
0   0   0   0    #  3   2022
0   0   0   0    #  4   2022
578343.7204 4941880.535 1983880.534 98132.16466    #  1   2023
540867.8194	1499195.09	609058.8116 65056.1318  #  2   2023
0 0 0 0  #  3   2023
0 0 0 0    #  4   2023
7184276.366 2925361.795 882839.7486 85535.65518 #  1   2024
2579167.826 537778.5348 46599.43232 8869.953978   #  2   2024
0 0 0 0    #  3   2024
0 0 0 0    #  4   2024
