####################################
###  
0     0.409296828     0.871869617     0.946760361     #     1974
0     0.409296828     0.871869617     0.946760361     #     
0     0.409296828     0.871869617     0.946760361     #     
0     0.409296828     0.871869617     0.946760361     #     
0     0.409296828     0.871869617     0.946760361     #     1975
0     0.409296828     0.871869617     0.946760361     #     
0     0.409296828     0.871869617     0.946760361     #     
0     0.409296828     0.871869617     0.946760361     #     
0     0.409296828     0.871869617     0.946760361     #     1976
0     0.409296828     0.871869617     0.946760361     #     
0     0.409296828     0.871869617     0.946760361     #     
0     0.409296828     0.871869617     0.946760361     #     
0     0.409296828     0.871869617     0.946760361     #     1977
0     0.409296828     0.871869617     0.946760361     #     
0     0.409296828     0.871869617     0.946760361     #     
0     0.409296828     0.871869617     0.946760361     #     
0     0.409296828     0.871869617     0.946760361     #     1978
0     0.409296828     0.871869617     0.946760361     #     
0     0.409296828     0.871869617     0.946760361     #     
0     0.409296828     0.871869617     0.946760361     #     
0     0.409296828     0.871869617     0.946760361     #     1979
0     0.409296828     0.871869617     0.946760361     #     
0     0.409296828     0.871869617     0.946760361     #     
0     0.409296828     0.871869617     0.946760361     #     
0     0.409296828     0.871869617     0.946760361     #     1980
0     0.409296828     0.871869617     0.946760361     #     
0     0.409296828     0.871869617     0.946760361     #     
0     0.409296828     0.871869617     0.946760361     #     
0     0.409296828     0.871869617     0.946760361     #     1981
0     0.409296828     0.871869617     0.946760361     #     
0     0.409296828     0.871869617     0.946760361     #     
0     0.409296828     0.871869617     0.946760361     #     
0     0.409296828     0.871869617     0.946760361     #     1982
0     0.409296828     0.871869617     0.946760361     #     
0     0.409296828     0.871869617     0.946760361     #     
0     0.409296828     0.871869617     0.946760361     #     
0     0.409296828     0.871869617     0.946760361     #     1983
0     0.409296828     0.871869617     0.946760361     #     
0     0.409296828     0.871869617     0.946760361     #     
0     0.409296828     0.871869617     0.946760361     #     
0     0.409296828     0.871869617     0.946760361     #     1984
0     0.409296828     0.871869617     0.946760361     #     
0     0.409296828     0.871869617     0.946760361     #     
0     0.409296828     0.871869617     0.946760361     #     
0     0.409296828     0.871869617     0.946760361     #     1985
0     0.409296828     0.871869617     0.946760361     #     
0     0.409296828     0.871869617     0.946760361     #     
0     0.409296828     0.871869617     0.946760361     #     
0     0.409296828     0.871869617     0.946760361     #     1986
0     0.409296828     0.871869617     0.946760361     #     
0     0.409296828     0.871869617     0.946760361     #     
0     0.409296828     0.871869617     0.946760361     #     
0     0.409296828     0.871869617     0.946760361     #     1987
0     0.409296828     0.871869617     0.946760361     #     
0     0.409296828     0.871869617     0.946760361     #     
0     0.409296828     0.871869617     0.946760361     #     
0     0.409296828     0.871869617     0.946760361     #     1988
0     0.409296828     0.871869617     0.946760361     #     
0     0.409296828     0.871869617     0.946760361     #     
0     0.409296828     0.871869617     0.946760361     #     
0     0.409296828     0.871869617     0.946760361     #     1989
0     0.409296828     0.871869617     0.946760361     #     
0     0.409296828     0.871869617     0.946760361     #     
0     0.409296828     0.871869617     0.946760361     #     
0     0.409296828     0.871869617     0.946760361     #     1990
0     0.409296828     0.871869617     0.946760361     #     
0     0.409296828     0.871869617     0.946760361     #     
0     0.409296828     0.871869617     0.946760361     #     
0     0.409296828     0.871869617     0.946760361     #     1991
0     0.409296828     0.871869617     0.946760361     #     
0     0.409296828     0.871869617     0.946760361     #     
0     0.409296828     0.871869617     0.946760361     #     
0     0.409296828     0.871869617     0.946760361     #     1992
0     0.409296828     0.871869617     0.946760361     #     
0     0.409296828     0.871869617     0.946760361     #     
0     0.409296828     0.871869617     0.946760361     #     
0     0.409296828     0.871869617     0.946760361     #     1993
0     0.409296828     0.871869617     0.946760361     #     
0     0.409296828     0.871869617     0.946760361     #     
0     0.409296828     0.871869617     0.946760361     #     
0     0.409296828     0.871869617     0.946760361     #     1994
0     0.409296828     0.871869617     0.946760361     #     
0     0.409296828     0.871869617     0.946760361     #     
0     0.409296828     0.871869617     0.946760361     #     
0     0.409296828     0.871869617     0.946760361     #     1995
0     0.409296828     0.871869617     0.946760361     #     
0     0.409296828     0.871869617     0.946760361     #     
0     0.409296828     0.871869617     0.946760361     #     
0     0.409296828     0.871869617     0.946760361     #     1996
0     0.409296828     0.871869617     0.946760361     #     
0     0.409296828     0.871869617     0.946760361     #     
0     0.409296828     0.871869617     0.946760361     #     
0     0.409296828     0.871869617     0.946760361     #     1997
0     0.409296828     0.871869617     0.946760361     #     
0     0.409296828     0.871869617     0.946760361     #     
0     0.409296828     0.871869617     0.946760361     #     
0     0.409296828     0.871869617     0.946760361     #     1998
0     0.409296828     0.871869617     0.946760361     #     
0     0.409296828     0.871869617     0.946760361     #     
0     0.409296828     0.871869617     0.946760361     #     
0     0.409296828     0.871869617     0.946760361     #     1999
0     0.409296828     0.871869617     0.946760361     #     
0     0.409296828     0.871869617     0.946760361     #     
0     0.409296828     0.871869617     0.946760361     #     
0     0.409296828     0.871869617     0.946760361     #     2000
0     0.409296828     0.871869617     0.946760361     #     
0     0.409296828     0.871869617     0.946760361     #     
0     0.409296828     0.871869617     0.946760361     #     
0     0.409296828     0.871869617     0.946760361     #     2001
0     0.409296828     0.871869617     0.946760361     #     
0     0.409296828     0.871869617     0.946760361     #     
0     0.409296828     0.871869617     0.946760361     #     
0     0.409296828     0.871869617     0.946760361     #     2002
0     0.409296828     0.871869617     0.946760361     #     
0     0.409296828     0.871869617     0.946760361     #     
0     0.409296828     0.871869617     0.946760361     #     
0     0.409296828     0.871869617     0.946760361     #     2003
0     0.409296828     0.871869617     0.946760361     #     
0     0.409296828     0.871869617     0.946760361     #     
0     0.409296828     0.871869617     0.946760361     #     
0     0.409296828     0.871869617     0.946760361     #     2004
0     0.409296828     0.871869617     0.946760361     #     
0     0.409296828     0.871869617     0.946760361     #     
0     0.409296828     0.871869617     0.946760361     #     
0     0.409296828     0.871869617     0.946760361     #     2005
0     0.409296828     0.871869617     0.946760361     #     
0     0.409296828     0.871869617     0.946760361     #     
0     0.409296828     0.871869617     0.946760361     #     
0     0.409296828     0.871869617     0.946760361     #     2006
0     0.409296828     0.871869617     0.946760361     #     
0     0.409296828     0.871869617     0.946760361     #     
0     0.409296828     0.871869617     0.946760361     #     
0     0.409296828     0.871869617     0.946760361     #     2007
0     0.409296828     0.871869617     0.946760361     #     
0     0.409296828     0.871869617     0.946760361     #     
0     0.409296828     0.871869617     0.946760361     #     
0     0.409296828     0.871869617     0.946760361     #     2008
0     0.409296828     0.871869617     0.946760361     #     
0     0.409296828     0.871869617     0.946760361     #     
0     0.409296828     0.871869617     0.946760361     #     
0     0.409296828     0.871869617     0.946760361     #     2009
0     0.409296828     0.871869617     0.946760361     #     
0     0.409296828     0.871869617     0.946760361     #     
0     0.409296828     0.871869617     0.946760361     #     
0     0.409296828     0.871869617     0.946760361     #     2010
0     0.409296828     0.871869617     0.946760361     #     
0     0.409296828     0.871869617     0.946760361     #     
0     0.409296828     0.871869617     0.946760361     #     
0     0.409296828     0.871869617     0.946760361     #     2011
0     0.409296828     0.871869617     0.946760361     #     
0     0.409296828     0.871869617     0.946760361     #     
0     0.409296828     0.871869617     0.946760361     #     
0     0.409296828     0.871869617     0.946760361     #     2012
0     0.409296828     0.871869617     0.946760361     #     
0     0.409296828     0.871869617     0.946760361     #     
0     0.409296828     0.871869617     0.946760361     #     
0     0.409296828     0.871869617     0.946760361     #     2013
0     0.409296828     0.871869617     0.946760361     #     
0     0.409296828     0.871869617     0.946760361     #     
0     0.409296828     0.871869617     0.946760361     #     
0     0.409296828     0.871869617     0.946760361     #     2014
0     0.409296828     0.871869617     0.946760361     #     
0     0.409296828     0.871869617     0.946760361     #     
0     0.409296828     0.871869617     0.946760361     #     
0     0.409296828     0.871869617     0.946760361     #     2015
0     0.409296828     0.871869617     0.946760361     #     
0     0.409296828     0.871869617     0.946760361     #     
0     0.409296828     0.871869617     0.946760361     #     
0     0.409296828     0.871869617     0.946760361     #     2016
0     0.409296828     0.871869617     0.946760361     #     
0     0.409296828     0.871869617     0.946760361     #     
0     0.409296828     0.871869617     0.946760361     #     
0     0.409296828     0.871869617     0.946760361     #     2017
0     0.409296828     0.871869617     0.946760361     #     
0     0.409296828     0.871869617     0.946760361     #     
0     0.409296828     0.871869617     0.946760361     #     
0     0.409296828     0.871869617     0.946760361     #     2018
0     0.409296828     0.871869617     0.946760361     #     
0     0.409296828     0.871869617     0.946760361     #     
0     0.409296828     0.871869617     0.946760361     #   
0     0.409296828     0.871869617     0.946760361     #     2019
0     0.409296828     0.871869617     0.946760361     #     
0     0.409296828     0.871869617     0.946760361     #     
0     0.409296828     0.871869617     0.946760361     #    
0     0.409296828     0.871869617     0.946760361     #     2020
0     0.409296828     0.871869617     0.946760361     #     
0     0.409296828     0.871869617     0.946760361     #     
0     0.409296828     0.871869617     0.946760361     #     
0     0.409296828     0.871869617     0.946760361     #     2021
0     0.409296828     0.871869617     0.946760361     #     
0     0.409296828     0.871869617     0.946760361     #     
0     0.409296828     0.871869617     0.946760361     #     
0     0.409296828     0.871869617     0.946760361     #     2022
0     0.409296828     0.871869617     0.946760361     #     
0     0.409296828     0.871869617     0.946760361     #     
0     0.409296828     0.871869617     0.946760361     #    
0     0.409296828     0.871869617     0.946760361     #     2023
0     0.409296828     0.871869617     0.946760361     #     
0     0.409296828     0.871869617     0.946760361     #     
0     0.409296828     0.871869617     0.946760361     #
0     0.409296828     0.871869617     0.946760361     #     2024
0     0.409296828     0.871869617     0.946760361     #     
0     0.409296828     0.871869617     0.946760361     #     
0     0.409296828     0.871869617     0.946760361     #
0     0.409296828     0.871869617     0.946760361     #     2025
0     0.409296828     0.871869617     0.946760361     #     
0     0.409296828     0.871869617     0.946760361     #     
0     0.409296828     0.871869617     0.946760361     #
