# Weca file produced from file 
0.006324457     0.008326456     0.013526171     0.018404799     #     1     1974
0.005847135     0.008948875     0.01498226     0.019694487     #     2     1974
0.004993296     0.007744472     0.015021396     0.019654259     #     3     1974
0.006583104     0.010699373     0.018347827     0.016320502     #     4     1974
0.004833916     0.008613303     0.012915504     0.017198582     #     1     1975
0.007540786     0.011076066     0.016811713     0.021632183     #     2     1975
0.004802793     0.010576175     0.015445922     0.019170129     #     3     1975
0.006168061     0.011610157     0.016960972     0.017126672     #     4     1975
0.004876818     0.007008326     0.011328216     0.01335231     #     1     1976
0.004339133     0.008953335     0.015330318     0.019022585     #     2     1976
0.002209211     0.005860398     0.010432849     0.012639702     #     3     1976
0.0033842     0.005694683     0.008501037     0.010620903     #     4     1976
0.005363929     0.008246902     0.012609281     0.017967607     #     1     1977
0.005869965     0.01096007     0.014645678     0.019572713     #     2     1977
0.002252754     0.007974744     0.010617825     0.013810632     #     3     1977
0.00247276     0.006333354     0.008253106     0.012179239     #     4     1977
0.00380169     0.006868116     0.012164304     0.014607864     #     1     1978
0.004386324     0.010318404     0.01552134     0.019640316     #     2     1978
0.003090968     0.008862202     0.012342822     0.016601365     #     3     1978
0.001951186     0.005180894     0.008706957     0.009385469     #     4     1978
0.00497197     0.005810551     0.008714214     0.011268098     #     1     1979
0.005654122     0.010480968     0.014994636     0.017302622     #     2     1979
0.003216603     0.007679297     0.012890856     0.01647758     #     3     1979
0.002857031     0.010586281     0.012116597     0.015322089     #     4     1979
0.006324457     0.005198415     0.006824277     0.008322051     #     1     1980
0.005104733     0.005158603     0.006861603     0.008267734     #     2     1980
0.003186669     0.008577943     0.013076246     0.016824338     #     3     1980
0.004575652     0.007310469     0.010505525     0.010052814     #     4     1980
0.003756461     0.00985436     0.012866773     0.015639925     #     1     1981
0.008164631     0.012594915     0.015289442     0.019352908     #     2     1981
0.004889173     0.008890676     0.015739519     0.019395558     #     3     1981
0.006018376     0.013925045     0.019060523     0.019156547     #     4     1981
0.008451963     0.008865119     0.017079898     0.01550328     #     1     1982
0.007067608     0.010984826     0.015953083     0.021923303     #     2     1982
0.002881837     0.00754327     0.011524413     0.017405161     #     3     1982
0.004423507     0.007810098     0.01139014     0.015983706     #     4     1982
0.004432974     0.009174706     0.012807287     0.015235552     #     1     1983
0.004203338     0.012360002     0.01689004     0.021091347     #     2     1983
0.003443648     0.009354305     0.017436824     0.016337297     #     3     1983
0.003779352     0.009300226     0.012699383     0.015609703     #     4     1983
0.005954544     0.008094397     0.012064237     0.016601962     #     1     1984
0.005292107     0.012222569     0.016796629     0.016399213     #     2     1984
0.009292015     0.013534021     0.019686031     0.019686031     #     3     1984
0.009292015     0.013534021     0.019686031     0.019686031     #     4     1984
0.006324457     0.009292015     0.013534021     0.019686031     #     1     1985
0.005104733     0.009292015     0.013534021     0.019686031     #     2     1985
0.007257996     0.009879995     0.016583992     0.016583992     #     3     1985
0.007257996     0.009879995     0.016583992     0.016583992     #     4     1985
0.006324457     0.007257996     0.009879995     0.016583992     #     1     1986
0.005104733     0.007257996     0.009879995     0.016583992     #     2     1986
0.008328914     0.016363859     0.022771559     0.016337297     #     3     1986
0.00841202     0.015566886     0.020759174     0.015609703     #     4     1986
0.006603638     0.008613719     0.011712338     0.015321932     #     1     1987
0.006038026     0.009318365     0.011240475     0.016514658     #     2     1987
0.006382622     0.012539968     0.017450324     0.02056797     #     3     1987
0.006775602     0.012538607     0.016720822     0.018868255     #     4     1987
0.004225684     0.00879222     0.011527978     0.013817841     #     1     1988
0.004624668     0.00852519     0.011339596     0.013712094     #     2     1988
0.005151079     0.013186278     0.020796875     0.015766274     #     3     1988
0.006298907     0.011656458     0.015544435     0.017540786     #     4     1988
0.005399951     0.008610014     0.009926363     0.017024594     #     1     1989
0.004434371     0.008174393     0.010872991     0.01303685     #     2     1989
0.004761136     0.007724566     0.012500966     0.01549129     #     3     1989
0.00464678     0.00859911     0.011467317     0.012940049     #     4     1989
0.00458878     0.006974668     0.009156072     0.011538905     #     1     1990
0.003766893     0.006943953     0.009236348     0.011326835     #     2     1990
0.004443723     0.009875055     0.013349172     0.015590096     #     3     1990
0.004833959     0.008945495     0.011929239     0.013461295     #     4     1990
0.012796355     0.014306683     0.015422358     0.016789275     #     1     1991
0.004756615     0.014607784     0.018870403     0.016811493     #     2     1991
0.005226488     0.010085461     0.014708346     0.017164185     #     3     1991
0.006174825     0.011766389     0.015230859     0.018625155     #     4     1991
0.008111902     0.009910133     0.012381487     0.014785864     #     1     1992
0.005788977     0.012057649     0.015276858     0.017765268     #     2     1992
0.003517984     0.009580413     0.014070672     0.017892361     #     3     1992
0.004221594     0.007812282     0.010418045     0.011756021     #     4     1992
0.006479184     0.010888844     0.012325411     0.013751031     #     1     1993
0.00754847     0.010662448     0.013504786     0.016422474     #     2     1993
0.002248679     0.007974234     0.011604869     0.015227366     #     3     1993
0.002293556     0.012838755     0.015433899     0.013395063     #     4     1993
0.006771258     0.006678475     0.009536954     0.012858974     #     1     1994
0.008673249     0.010388071     0.012510907     0.015050846     #     2     1994
0.002957394     0.008216952     0.009731463     0.013954172     #     3     1994
0.003790073     0.006764078     0.008999516     0.013128826     #     4     1994
0.003160608     0.008205713     0.01165881     0.01213543     #     1     1995
0.005064969     0.010121723     0.013306507     0.015506083     #     2     1995
0.008369849     0.009644643     0.012858787     0.01578155     #     3     1995
0.00577367     0.01068448     0.014248257     0.016078141     #     4     1995
0.007133647     0.010842712     0.014233891     0.017457704     #     1     1996
0.007904919     0.011495963     0.015032536     0.016861295     #     2     1996
0.002910085     0.006154871     0.00866848     0.010345827     #     3     1996
0.003105639     0.005747149     0.007664093     0.008648383     #     4     1996
0.007071797     0.012766614     0.014839118     0.016325591     #     1     1997
0.00580278     0.01199792     0.016123566     0.01994211     #     2     1997
0.007123085     0.009652477     0.0121853     0.014697933     #     3     1997
0.005154987     0.009539574     0.01272147     0.014355271     #     4     1997
0.005570642     0.013932899     0.016632887     0.018605329     #     1     1998
0.005027309     0.012398461     0.015253263     0.017716807     #     2     1998
0.004292042     0.006104486     0.009455987     0.009416284     #     3     1998
0.003933233     0.007278655     0.009706429     0.010953013     #     4     1998
0.005305905     0.009737153     0.011453195     0.01208102     #     1     1999
0.004569707     0.011575029     0.013509405     0.016366077     #     2     1999
0.003605353     0.009379247     0.011794571     0.013819237     #     3     1999
0.005230632     0.009679559     0.012908147     0.014565923     #     4     1999
0.006671433     0.012192708     0.014830143     0.018455331     #     1     2000
0.006211846     0.014857781     0.01735564     0.018320761     #     2     2000
0.005077939     0.010459339     0.01309449     0.014972394     #     3     2000
0.003608771     0.004564262     0.007977851     0.013472902     #     4     2000
0.007830907     0.010869006     0.011783155     0.015914305     #     1     2001
0.004778021     0.011642654     0.013636637     0.016634011     #     2     2001
0.006172181     0.012672173     0.014980744     0.016183087     #     3     2001
0.006510966     0.012048886     0.016067755     0.018131316     #     4     2001
0.007281898     0.01087546     0.01408374     0.01542837     #     1     2002
0.007689645     0.012167812     0.014240984     0.015827885     #     2     2002
0.004650238     0.010050101     0.013255882     0.014481905     #     3     2002
0.006003542     0.011636089     0.012929989     0.015541031     #     4     2002
0.004197355     0.012459816     0.014595608     0.022786208     #     1     2003
0.005785751     0.010762463     0.014456401     0.01666194     #     2     2003
0.004850989     0.011470784     0.013497303     0.014136477     #     3     2003
0.004983154     0.009221588     0.012297421     0.013876762     #     4     2003
0.00882088     0.011574754     0.01389423     0.015357073     #     1     2004
0.004071704     0.009367329     0.012644301     0.015293223     #     2     2004
0.003037181     0.009733143     0.011244259     0.012961866     #     3     2004
0.004434502     0.009336734     0.011527705     0.012856011     #     4     2004
0.007623252     0.009681247     0.013031606     0.015354656     #     1     2005
0.00656341     0.010270901     0.011491886     0.014108344     #     2     2005
0.005530113     0.008004371     0.011384608     0.013787813     #     3     2005
0.004679881     0.008660365     0.011549004     0.013032228     #     4     2005
0.006324457     0.010813815     0.013342505     0.015237166     #     1     2006
0.005530653     0.014271619     0.015844345     0.017966583     #     2     2006
0.00406707     0.009546341     0.012945425     0.013432678     #     3     2006
0.005007785     0.009267169     0.012358205     0.013945353     #     4     2006
0.006324457     0.011882327     0.013076979     0.014919293     #     1     2007
0.006459296     0.010135632     0.012650322     0.015120128     #     2     2007
0.004545969     0.007521617     0.010634412     0.012615037     #     3     2007
0.004783914     0.008852884     0.011805737     0.013321932     #     4     2007
0.008803299     0.01030835     0.011441843     0.01311118     #     1     2008
0.004380324     0.007622895     0.012557257     0.014184357     #     2     2008
0.003400165     0.007550886     0.008238041     0.008466259     #     3     2008
0.00443333     0.006814955     0.009011158     0.008095008     #     4     2008
0.006324457     0.00958163     0.012321404     0.014221674     #     1     2009
0.004597811     0.009544405     0.013027824     0.016017255     #     2     2009
0.004296312     0.00773802     0.01034828     0.013474542     #     3     2009
0.00866643     0.009622783     0.01046591     0.014141129     #     4     2009
0.006631712     0.008002279     0.009666172     0.013676018     #     1     2010
0.004735004     0.009402842     0.011408103     0.014772472     #     2     2010
0.004991197     0.007211795     0.009415729     0.013015317     #     3     2010
0.003847239     0.007119519     0.009494213     0.010713542     #     4     2010
0.00515453     0.008506772     0.010107993     0.013415586     #     1     2011
0.004362202     0.00885539     0.011376322     0.014547506     #     2     2011
0.004207929     0.010180382     0.012779041     0.017128275     #     3     2011
0.004973865     0.009204399     0.012274499     0.013850896     #     4     2011
0.008490142     0.008664074     0.010597794     0.015029589     #     1     2012
0.007191264     0.008665923     0.011948997     0.015236327     #     2     2012
0.003985501     0.006921135     0.011252246     0.014584044     #     3     2012
0.004726481     0.008746601     0.011664004     0.013161996     #     4     2012
0.00611047     0.009578296     0.012023739     0.015040205     #     1     2013
0.004306842     0.009709724     0.012418281     0.015561559     #     2     2013
0.002597604     0.005103526     0.007101946     0.008370769     #     3     2013
0.002186658     0.009448958     0.012791574     0.015272075     #     4     2013
0.008592012     0.00856306     0.010393862     0.016802255     #     1     2014
0.007041098     0.007922527     0.011573646     0.013870486     #     2     2014
0.005305951     0.008282951     0.011552104     0.011883377     #     3     2014
0.006504059     0.009866945     0.010134295     0.011531901     #     4     2014
0.007609306     0.008157603     0.010427395     0.014970879     #     1     2015
0.007178275     0.008774186     0.01094402     0.015479937     #     2     2015
0.003814434     0.007833253     0.010733143     0.015251994     #     3     2015
0.004414688     0.008169612     0.010894562     0.012293736     #     4     2015
0.004095186     0.007741554     0.011169976     0.01449574     #     1     2016
0.005071211     0.007448781     0.011825276     0.014512572     #     2     2016
0.007288296     0.01431935      0.019926469     0.023486499     #     3     2016
0.007602566     0.014068949     0.018761605     0.021171132     #     4     2016
0.006407814     0.008296994     0.010288318     0.013939725  # 1 2017
0.003781334     0.007759784     0.009868031     0.01622589   # 2 2017
0.004206906     0.006355587     0.009775941     0.013019064  # 3 2017
0.007602566     0.014068949     0.018761605     0.021171132  # 4 2017 er taget fra Q4 i 2016, men da der er 0 fangster i Q4 burde det ikke betyde noget
0.004548197     0.006613574     0.008577879     0.012577599  # 1 2018
0.005340934     0.007409762     0.009695694     0.013384514  # 2 2018
0.004141886     0.006716198     0.009497479     0.013640716  # 3 2018
0.005749239     0.006500824     0.007572489     0.012807495  # 4 2018 er taget fra Q4 i 2016, men da der er 0 fangster i Q4 burde det ikke betyde noget
0.0034345552    0.0063940426    0.0087873961    0.0115826073 # 1 2019
0.0041313053    0.0076399506    0.0097574364    0.0141148517 # 2 2019
0.005866651     0.009988308     0.013011403     0.016385741  # 3 2019
0.0064318199    0.0078469735    0.0105127118    0.0157188169 # 4 2019
0.004859643     0.009295106     0.01214549      0.016167663  # 1 2020
0.007089399     0.010690112     0.014051837     0.016779672  # 2 2020
0.006146446     0.008710564     0.010842193     0.013787331  # 3 2020
0.006440828     0.010212432     0.013287169     0.016038551  # 4 2020
0.006106107	    0.007090778	    0.010964902	    0.01311307   # 1 2021
0.006119344     0.008669517	    0.011721528	    0.015835471  # 2 2021
0.007245955	    0.012358139	    0.016060682	    0.020338449  # 3 2021
0.007030892	    0.008787578	    0.010306049	    0.015720188  # 4 2021
0.006160673     0.008413264     0.010895117     0.013517394  # 1 2022
0.00758932      0.012266878     0.016553658     0.018260137  # 2 2022
0.005782511     0.010007629     0.014278591     0.016489257  # 3 2022
0.006504473     0.010197462     0.013212907     0.015980721  # 4 2022
0.004772328	0.009090066	0.010725339	0.012531133 # 1 2023
0.005123128	0.008281427	0.010849378	0.013308133 # 2 2023 
0.003563424	0.006003728	0.00778929	0.009849797 # 3 2023
0.00470735	0.007020577	0.009887445	0.014163819 # 4 2023
0.004465261	0.008169657	0.010868693	0.013614213 # 1 2024
0.004581862	0.008517517	0.012334901	0.013253797 # 2 2024
0.00581389	0.010048382	0.014290334	0.016560954 # 3 2024
0.006469236	0.01013517	0.013143626	0.015940346 # 4 2024
0.005132754	0.008557662	0.010829716	0.013220913  #3-year average
0.00576477	0.009688607	0.013245979	0.014940689 #3-year average
0.006428213	0.010914723	0.014578682	0.017931989 #3-year average
0.00588194	0.009096972	0.012058232	0.01534817 #3-year average


