North Sea sprat IBTS Q1 - Delta-GAM; Last age is plus group, calculated 2025-03-11 11:59:29 
1983 2025 
1 1  0.1001172 0.1001172 
1 4 
1 124519.4494 334784.3391 192841.2876 14569.599
1 273730.1074 295250.3486 49186.7793 10587.5647
1 148372.4012 129504.0672 28625.8183 6660.3203
1 37155.195 59036.9922 22480.0284 3315.5963
1 160263.9117 42919.8162 13758.9917 4947.577
1 93498.8578 390758.7452 37124.8522 8214.9368
1 280549.9189 69114.1892 54353.4334 5588.1166
1 160928.0228 99724.5947 24738.3045 11480.3659
1 673899.0089 106299.1484 19533.6655 4450.5562
1 1002529.7606 162514.1712 23212.5405 6439.7037
1 711147.6973 685687.9026 51762.7658 6906.6291
1 592058.6699 612807.698 80966.9861 6056.5397
1 889118.731 1552562.6076 178539.3676 5625.1139
1 295383.4665 561720.7954 140706.7042 20138.708
1 332845.1515 101207.3406 86872.4833 17083.5099
1 553555.2224 572517.0482 85034.13 10090.906
1 2576014.6039 342947.3969 45869.7288 4604.3499
1 968376.2159 662098.0794 91155.2964 15890.4349
1 977420.6834 680181.4659 125780.1814 8799.1838
1 565582.6861 488781.9726 39814.6917 5296.8471
1 1123531.3397 327783.7106 36474.0106 3642.0505
1 1983836.8666 366605.2414 59971.6171 5670.9408
1 4624671.7474 336127.3663 19566.3783 1539.8875
1 591023.0039 699349.8518 29353.8098 3126.1678
1 920912.8341 503860.8702 84779.4753 6601.0923
1 665919.5284 367976.0549 23796.9849 4443.3606
1 2021117.5689 157957.2337 15566.3038 2505.5163
1 1536844.5501 960130.0172 44315.0096 8257.0843
1 518002.1802 446270.6881 104779.3555 25030.5836
1 1386927.6995 1430288.5634 129652.1438 22953.1156
1 491576.4986 550887.3915 114655.5749 21500.8786
1 1676552.7437 215529.2077 27691.1993 7556.5572
1 3544284.5545 1492794.7515 140900.9001 17864.7576
1 955287.6733 1503615.2823 300006.802 26741.152
1 4280333.9342 823210.24 65600.5205 14024.5119
1 4293483.5694 761184.6305 45018.8887 9590.1592
1 1984062.0631 1259350.5147 123551.7792 9109.5125
1 2285297.1235 1004701.8029 219571.2131 35943.0957
1 1146591.5216 1002360.2537 95993.3435 11823.9145
1 616778.2688 337853.4034 21094.1569 4853.5103
1 2873562.4219 781597.5374 48962.8588 5849.8152
1 335349.7459 188830.5116 9983.5919 2248.8495
1 3322579.1591 981393.9015 68543.5048 5193.5212
