North Sea sprat IBTS Q3 - Delta-GAM; Last age is plus group, calculated 2025-03-11 11:59:29 
1992 2024 
1 1  0.6343687 0.6343687 
0 4 
1 51373.6476 6316575.6826 1235521.2055 49306.1656 7225.8169
1 16545.6248 3110827.8927 2097284.9564 121440.7519 5917.4901
1 38704.4942 8729285.6834 900509.7778 54121.2272 685.164
1 171.4002 15948151.4417 3968173.5984 235844.0043 10802.3699
1 18081.9634 1275304.7063 1372490.6036 117339.9965 7270.2534
1 140421.1867 6815827.21 664552.3216 100441.7529 5070.7581
1 96750.2519 1588388.8193 713396.2394 70992.1794 6519.6321
1 195341.1942 8114452.5974 949037.2524 44690.0216 4616.2371
1 51540.5787 4899807.7747 2099202.8702 76284.3078 4818.9848
1 20601.053 4617092.887 1707686.6771 129241.842 1502.1301
1 61156.6348 4859372.871 828061.2253 56785.0348 6644.774
1 164237.0451 5953510.4451 829088.2049 36181.0707 2202.1549
1 942718.7995 7704228.1776 1112351.0081 65955.3922 5443.9417
1 27797.8298 28419592.7029 1672933.7131 50761.9472 4697.5038
1 1375.4185 4977176.6945 3206502.1204 81808.5852 2983.1075
1 102158.9112 5824922.3714 918680.7216 101403.639 5744.6118
1 258576.2847 3570766.1149 1131184.3454 55412.1394 12406.8079
1 108311.8498 19242792.1561 1756316.6266 214125.3546 11069.3399
1 166286.7057 13804961.6849 5348167.5548 210482.7406 28908.5984
1 16945.0765 6034157.4763 4613219.8276 671059.3201 34261.559
1 21693.8695 3827000.7102 2859246.1973 314669.6057 39035.4263
1 239087.2656 3163009.0096 1443440.8451 203299.7453 26200.6043
1 619802.6139 21784764.9793 1727274.8172 113667.5316 9900.6716
1 21472.3553 16613609.574 6770510.2064 283858.9232 12749.337
1 277619.9559 8764903.6752 1683505.5445 202850.004 11514.781
1 155951.4518 9708899.5672 1346569.3932 87413.73 9511.4256
1 288012.3568 11488773.9899 1787012.849 106160.2974 19101.3314
1 254810.1186 15845610.5987 3641292.5719 217320.2251 19682.9964
1 344374.8959 19743865.8776 5697413.6268 574384.0707 51061.3789
1 334939.3069 9405748.2286 2406068.6001 202686.2937 15789.718
1 1228748.7188 12158569.0869 1494277.5666 188467.3952 18227.7306
1 344981.0063 23789154.8177 4154627.7208 237116.4256 38194.8679
1 1978085.7289 5359005.8382 525711.3166 26879.5665 3034.7384
